0 40
0.01 39.998
0.02 39.992
0.03 39.982
0.04 39.968
0.05 39.95
0.06 39.928
0.07 39.902
0.08 39.8721
0.09 39.8381
0.1 39.8002
0.11 39.7582
0.12 39.7123
0.13 39.6625
0.14 39.6086
0.15 39.5508
0.16 39.4891
0.17 39.4234
0.18 39.3537
0.19 39.2802
0.2 39.2027
0.21 39.1212
0.22 39.0359
0.23 38.9467
0.24 38.8535
0.25 38.7565
0.26 38.6556
0.27 38.5508
0.28 38.4422
0.29 38.3298
0.3 38.2135
0.31 38.0933
0.32 37.9694
0.33 37.8417
0.34 37.7102
0.35 37.5749
0.36 37.4359
0.37 37.2931
0.38 37.1466
0.39 36.9964
0.4 36.8424
0.41 36.6848
0.42 36.5236
0.43 36.3586
0.44 36.1901
0.45 36.0179
0.46 35.8421
0.47 35.6627
0.48 35.4798
0.49 35.2933
0.5 35.1033
0.51 34.9098
0.52 34.7128
0.53 34.5123
0.54 34.3083
0.55 34.101
0.56 33.8902
0.57 33.676
0.58 33.4585
0.59 33.2376
0.6 33.0134
0.61 32.7859
0.62 32.5551
0.63 32.3211
0.64 32.0838
0.65 31.8434
0.66 31.5997
0.67 31.3529
0.68 31.1029
0.69 30.8498
0.7 30.5937
0.71 30.3345
0.72 30.0722
0.73 29.807
0.74 29.5387
0.75 29.2676
0.76 28.9934
0.77 28.7164
0.78 28.4365
0.79 28.1538
0.8 27.8683
0.81 27.5799
0.82 27.2888
0.83 26.995
0.84 26.6985
0.85 26.3993
0.86 26.0975
0.87 25.7931
0.88 25.486
0.89 25.1765
0.9 24.8644
0.91 24.5498
0.92 24.2328
0.93 23.9134
0.94 23.5915
0.95 23.2673
0.96 22.9408
0.97 22.612
0.98 22.2809
0.99 21.9476
1 21.6121
1.01 21.2744
1.02 20.9346
1.03 20.5928
1.04 20.2488
1.05 19.9028
1.06 19.5549
1.07 19.205
1.08 18.8531
1.09 18.4994
1.1 18.1438
1.11 17.7865
1.12 17.4273
1.13 17.0664
1.14 16.7038
1.15 16.3395
1.16 15.9736
1.17 15.6061
1.18 15.237
1.19 14.8664
1.2 14.4943
1.21 14.1208
1.22 13.7458
1.23 13.3695
1.24 12.9919
1.25 12.6129
1.26 12.2327
1.27 11.8512
1.28 11.4686
1.29 11.0848
1.3 10.7
1.31 10.314
1.32 9.92702
1.33 9.53904
1.34 9.15011
1.35 8.76027
1.36 8.36955
1.37 7.97799
1.38 7.58563
1.39 7.19252
1.4 6.79869
1.41 6.40417
1.42 6.00902
1.43 5.61326
1.44 5.21695
1.45 4.82011
1.46 4.42279
1.47 4.02503
1.48 3.62686
1.49 3.22834
1.5 2.82949
1.51 2.43036
1.52 2.03098
1.53 1.6314
1.54 1.23166
1.55 0.831793
1.56 0.431845
1.57 0.0318531
1.58 -0.368142
1.59 -0.7681
1.6 -1.16798
1.61 -1.56775
1.62 -1.96735
1.63 -2.36676
1.64 -2.76594
1.65 -3.16484
1.66 -3.56342
1.67 -3.96164
1.68 -4.35947
1.69 -4.75686
1.7 -5.15378
1.71 -5.55018
1.72 -5.94603
1.73 -6.34128
1.74 -6.7359
1.75 -7.12984
1.76 -7.52307
1.77 -7.91555
1.78 -8.30724
1.79 -8.6981
1.8 -9.08808
1.81 -9.47716
1.82 -9.86529
1.83 -10.2524
1.84 -10.6386
1.85 -11.0236
1.86 -11.4076
1.87 -11.7904
1.88 -12.172
1.89 -12.5524
1.9 -12.9316
1.91 -13.3094
1.92 -13.686
1.93 -14.0612
1.94 -14.4349
1.95 -14.8072
1.96 -15.1781
1.97 -15.5474
1.98 -15.9152
1.99 -16.2813
2 -16.6459
2.01 -17.0088
2.02 -17.3699
2.03 -17.7294
2.04 -18.087
2.05 -18.4429
2.06 -18.7969
2.07 -19.1491
2.08 -19.4993
2.09 -19.8476
2.1 -20.1938
2.11 -20.5381
2.12 -20.8803
2.13 -21.2205
2.14 -21.5585
2.15 -21.8943
2.16 -22.228
2.17 -22.5594
2.18 -22.8886
2.19 -23.2155
2.2 -23.54
2.21 -23.8623
2.22 -24.1821
2.23 -24.4995
2.24 -24.8145
2.25 -25.1269
2.26 -25.4369
2.27 -25.7443
2.28 -26.0492
2.29 -26.3514
2.3 -26.651
2.31 -26.948
2.32 -27.2422
2.33 -27.5338
2.34 -27.8225
2.35 -28.1085
2.36 -28.3917
2.37 -28.672
2.38 -28.9495
2.39 -29.2241
2.4 -29.4957
2.41 -29.7645
2.42 -30.0302
2.43 -30.2929
2.44 -30.5526
2.45 -30.8093
2.46 -31.0628
2.47 -31.3133
2.48 -31.5606
2.49 -31.8048
2.5 -32.0457
2.51 -32.2835
2.52 -32.5181
2.53 -32.7494
2.54 -32.9774
2.55 -33.2021
2.56 -33.4236
2.57 -33.6416
2.58 -33.8563
2.59 -34.0676
2.6 -34.2756
2.61 -34.48
2.62 -34.6811
2.63 -34.8786
2.64 -35.0727
2.65 -35.2633
2.66 -35.4503
2.67 -35.6338
2.68 -35.8138
2.69 -35.9901
2.7 -36.1629
2.71 -36.332
2.72 -36.4975
2.73 -36.6594
2.74 -36.8176
2.75 -36.9721
2.76 -37.1229
2.77 -37.27
2.78 -37.4134
2.79 -37.553
2.8 -37.6889
2.81 -37.821
2.82 -37.9493
2.83 -38.0739
2.84 -38.1946
2.85 -38.3115
2.86 -38.4246
2.87 -38.5338
2.88 -38.6392
2.89 -38.7407
2.9 -38.8383
2.91 -38.9321
2.92 -39.0219
2.93 -39.1079
2.94 -39.19
2.95 -39.2681
2.96 -39.3423
2.97 -39.4126
2.98 -39.4789
2.99 -39.5413
3 -39.5997
3.01 -39.6542
3.02 -39.7047
3.03 -39.7512
3.04 -39.7938
3.05 -39.8323
3.06 -39.8669
3.07 -39.8975
3.08 -39.9242
3.09 -39.9468
3.1 -39.9654
3.11 -39.98
3.12 -39.9907
3.13 -39.9973
3.14 -39.9999
3.15 -39.9986
3.16 -39.9932
3.17 -39.9839
3.18 -39.9705
3.19 -39.9531
3.2 -39.9318
3.21 -39.9064
3.22 -39.8771
3.23 -39.8438
3.24 -39.8065
3.25 -39.7652
3.26 -39.7199
3.27 -39.6707
3.28 -39.6175
3.29 -39.5603
3.3 -39.4992
3.31 -39.4341
3.32 -39.3651
3.33 -39.2922
3.34 -39.2153
3.35 -39.1345
3.36 -39.0498
3.37 -38.9611
3.38 -38.8686
3.39 -38.7722
3.4 -38.6719
3.41 -38.5678
3.42 -38.4598
3.43 -38.3479
3.44 -38.2322
3.45 -38.1127
3.46 -37.9894
3.47 -37.8623
3.48 -37.7314
3.49 -37.5967
3.5 -37.4583
3.51 -37.3161
3.52 -37.1702
3.53 -37.0205
3.54 -36.8672
3.55 -36.7102
3.56 -36.5495
3.57 -36.3851
3.58 -36.2172
3.59 -36.0455
3.6 -35.8703
3.61 -35.6915
3.62 -35.5092
3.63 -35.3233
3.64 -35.1338
3.65 -34.9408
3.66 -34.7444
3.67 -34.5444
3.68 -34.3411
3.69 -34.1342
3.7 -33.924
3.71 -33.7104
3.72 -33.4934
3.73 -33.273
3.74 -33.0494
3.75 -32.8224
3.76 -32.5921
3.77 -32.3586
3.78 -32.1218
3.79 -31.8819
3.8 -31.6387
3.81 -31.3924
3.82 -31.1429
3.83 -30.8904
3.84 -30.6347
3.85 -30.376
3.86 -30.1142
3.87 -29.8494
3.88 -29.5817
3.89 -29.3109
3.9 -29.0373
3.91 -28.7607
3.92 -28.4813
3.93 -28.199
3.94 -27.9139
3.95 -27.626
3.96 -27.3354
3.97 -27.042
3.98 -26.7459
3.99 -26.4472
4 -26.1457
4.01 -25.8417
4.02 -25.5351
4.03 -25.226
4.04 -24.9143
4.05 -24.6001
4.06 -24.2835
4.07 -23.9644
4.08 -23.6429
4.09 -23.3191
4.1 -22.993
4.11 -22.6645
4.12 -22.3338
4.13 -22.0008
4.14 -21.6657
4.15 -21.3284
4.16 -20.9889
4.17 -20.6473
4.18 -20.3037
4.19 -19.9581
4.2 -19.6104
4.21 -19.2608
4.22 -18.9093
4.23 -18.5559
4.24 -18.2006
4.25 -17.8435
4.26 -17.4846
4.27 -17.124
4.28 -16.7616
4.29 -16.3976
4.3 -16.032
4.31 -15.6647
4.32 -15.2959
4.33 -14.9255
4.34 -14.5537
4.35 -14.1804
4.36 -13.8056
4.37 -13.4295
4.38 -13.0521
4.39 -12.6733
4.4 -12.2933
4.41 -11.9121
4.42 -11.5296
4.43 -11.146
4.44 -10.7613
4.45 -10.3755
4.46 -9.98872
4.47 -9.6009
4.48 -9.21212
4.49 -8.82242
4.5 -8.43183
4.51 -8.0404
4.52 -7.64817
4.53 -7.25518
4.54 -6.86146
4.55 -6.46705
4.56 -6.07199
4.57 -5.67633
4.58 -5.2801
4.59 -4.88335
4.6 -4.4861
4.61 -4.08841
4.62 -3.6903
4.63 -3.29183
4.64 -2.89303
4.65 -2.49394
4.66 -2.0946
4.67 -1.69505
4.68 -1.29533
4.69 -0.895484
4.7 -0.495547
4.71 -0.0955591
4.72 0.304438
4.73 0.704404
4.74 1.1043
4.75 1.50409
4.76 1.90372
4.77 2.30317
4.78 2.70238
4.79 3.10133
4.8 3.49996
4.81 3.89824
4.82 4.29614
4.83 4.6936
4.84 5.0906
4.85 5.48708
4.86 5.88302
4.87 6.27837
4.88 6.67309
4.89 7.06715
4.9 7.46049
4.91 7.8531
4.92 8.24491
4.93 8.6359
4.94 9.02603
4.95 9.41526
4.96 9.80354
4.97 10.1908
4.98 10.5771
4.99 10.9624
5 11.3465
5.01 11.7295
5.02 12.1113
5.03 12.4919
5.04 12.8713
5.05 13.2494
5.06 13.6261
5.07 14.0015
5.08 14.3755
5.09 14.748
5.1 15.1191
5.11 15.4887
5.12 15.8567
5.13 16.2231
5.14 16.5879
5.15 16.9511
5.16 17.3125
5.17 17.6722
5.18 18.0302
5.19 18.3864
5.2 18.7407
5.21 19.0931
5.22 19.4436
5.23 19.7922
5.24 20.1388
5.25 20.4834
5.26 20.826
5.27 21.1664
5.28 21.5048
5.29 21.841
5.3 22.175
5.31 22.5068
5.32 22.8363
5.33 23.1636
5.34 23.4885
5.35 23.8111
5.36 24.1313
5.37 24.4491
5.38 24.7645
5.39 25.0773
5.4 25.3877
5.41 25.6955
5.42 26.0008
5.43 26.3035
5.44 26.6035
5.45 26.9009
5.46 27.1956
5.47 27.4875
5.48 27.7767
5.49 28.0632
5.5 28.3468
5.51 28.6276
5.52 28.9055
5.53 29.1806
5.54 29.4527
5.55 29.7219
5.56 29.9881
5.57 30.2513
5.58 30.5115
5.59 30.7686
5.6 31.0226
5.61 31.2736
5.62 31.5214
5.63 31.7661
5.64 32.0076
5.65 32.2459
5.66 32.4809
5.67 32.7128
5.68 32.9413
5.69 33.1666
5.7 33.3885
5.71 33.6071
5.72 33.8224
5.73 34.0342
5.74 34.2427
5.75 34.4477
5.76 34.6493
5.77 34.8474
5.78 35.042
5.79 35.2332
5.8 35.4208
5.81 35.6048
5.82 35.7854
5.83 35.9623
5.84 36.1356
5.85 36.3053
5.86 36.4714
5.87 36.6339
5.88 36.7926
5.89 36.9477
5.9 37.0991
5.91 37.2468
5.92 37.3908
5.93 37.531
5.94 37.6675
5.95 37.8002
5.96 37.9291
5.97 38.0543
5.98 38.1756
5.99 38.2931
6 38.4068
6.01 38.5167
6.02 38.6226
6.03 38.7248
6.04 38.823
6.05 38.9174
6.06 39.0079
6.07 39.0945
6.08 39.1772
6.09 39.2559
6.1 39.3307
6.11 39.4016
6.12 39.4686
6.13 39.5316
6.14 39.5907
6.15 39.6458
6.16 39.6969
6.17 39.7441
6.18 39.7872
6.19 39.8265
6.2 39.8617
6.21 39.8929
6.22 39.9202
6.23 39.9434
6.24 39.9627
6.25 39.978
6.26 39.9892
6.27 39.9965
6.28 39.9998
6.29 39.9991
6.3 39.9943
6.31 39.9856
6.32 39.9729
6.33 39.9562
6.34 39.9355
6.35 39.9107
6.36 39.882
6.37 39.8494
6.38 39.8127
6.39 39.772
6.4 39.7274
6.41 39.6788
6.42 39.6262
6.43 39.5697
6.44 39.5092
6.45 39.4447
6.46 39.3764
6.47 39.304
6.48 39.2278
6.49 39.1476
6.5 39.0635
6.51 38.9755
6.52 38.8836
6.53 38.7878
6.54 38.6882
6.55 38.5846
6.56 38.4772
6.57 38.366
6.58 38.2509
6.59 38.132
6.6 38.0093
6.61 37.8828
6.62 37.7525
6.63 37.6184
6.64 37.4806
6.65 37.339
6.66 37.1937
6.67 37.0446
6.68 36.8919
6.69 36.7354
6.7 36.5753
6.71 36.4116
6.72 36.2442
6.73 36.0731
6.74 35.8985
6.75 35.7203
6.76 35.5385
6.77 35.3531
6.78 35.1642
6.79 34.9718
6.8 34.7759
6.81 34.5765
6.82 34.3737
6.83 34.1674
6.84 33.9577
6.85 33.7446
6.86 33.5282
6.87 33.3083
6.88 33.0852
6.89 32.8587
6.9 32.629
6.91 32.396
6.92 32.1598
6.93 31.9203
6.94 31.6776
6.95 31.4318
6.96 31.1829
6.97 30.9308
6.98 30.6756
6.99 30.4174
7 30.1561
7.01 29.8918
7.02 29.6245
7.03 29.3543
7.04 29.0811
7.05 28.805
7.06 28.526
7.07 28.2442
7.08 27.9595
7.09 27.6721
7.1 27.3819
7.11 27.0889
7.12 26.7933
7.13 26.4949
7.14 26.1939
7.15 25.8903
7.16 25.5841
7.17 25.2754
7.18 24.9641
7.19 24.6503
7.2 24.3341
7.21 24.0154
7.22 23.6943
7.23 23.3708
7.24 23.0451
7.25 22.717
7.26 22.3866
7.27 22.054
7.28 21.7192
7.29 21.3822
7.3 21.0431
7.31 20.7019
7.32 20.3586
7.33 20.0133
7.34 19.6659
7.35 19.3166
7.36 18.9654
7.37 18.6123
7.38 18.2573
7.39 17.9005
7.4 17.5419
7.41 17.1815
7.42 16.8195
7.43 16.4557
7.44 16.0903
7.45 15.7233
7.46 15.3547
7.47 14.9846
7.48 14.613
7.49 14.2399
7.5 13.8654
7.51 13.4895
7.52 13.1123
7.53 12.7337
7.54 12.3539
7.55 11.9729
7.56 11.5906
7.57 11.2072
7.58 10.8227
7.59 10.4371
7.6 10.0504
7.61 9.66273
7.62 9.2741
7.63 8.88454
7.64 8.4941
7.65 8.1028
7.66 7.71069
7.67 7.31782
7.68 6.92421
7.69 6.52991
7.7 6.13495
7.71 5.73939
7.72 5.34325
7.73 4.94657
7.74 4.5494
7.75 4.15177
7.76 3.75373
7.77 3.35532
7.78 2.95657
7.79 2.55752
7.8 2.15822
7.81 1.7587
7.82 1.359
7.83 0.959173
7.84 0.559247
7.85 0.159265
7.86 -0.240733
7.87 -0.640707
7.88 -1.04062
7.89 -1.44042
7.9 -1.84009
7.91 -2.23956
7.92 -2.63882
7.93 -3.03781
7.94 -3.43649
7.95 -3.83484
7.96 -4.23279
7.97 -4.63033
7.98 -5.0274
7.99 -5.42397
8 -5.82
8.01 -6.21545
8.02 -6.61027
8.03 -7.00443
8.04 -7.3979
8.05 -7.79062
8.06 -8.18256
8.07 -8.57369
8.08 -8.96396
8.09 -9.35333
8.1 -9.74177
8.11 -10.1292
8.12 -10.5157
8.13 -10.9011
8.14 -11.2854
8.15 -11.6686
8.16 -12.0506
8.17 -12.4314
8.18 -12.8109
8.19 -13.1892
8.2 -13.5662
8.21 -13.9418
8.22 -14.316
8.23 -14.6888
8.24 -15.0601
8.25 -15.4299
8.26 -15.7982
8.27 -16.1649
8.28 -16.5299
8.29 -16.8933
8.3 -17.2551
8.31 -17.6151
8.32 -17.9733
8.33 -18.3298
8.34 -18.6844
8.35 -19.0371
8.36 -19.3879
8.37 -19.7368
8.38 -20.0838
8.39 -20.4287
8.4 -20.7715
8.41 -21.1123
8.42 -21.451
8.43 -21.7876
8.44 -22.1219
8.45 -22.4541
8.46 -22.784
8.47 -23.1116
8.48 -23.4369
8.49 -23.7599
8.5 -24.0805
8.51 -24.3987
8.52 -24.7144
8.53 -25.0277
8.54 -25.3385
8.55 -25.6467
8.56 -25.9524
8.57 -26.2554
8.58 -26.5559
8.59 -26.8537
8.6 -27.1488
8.61 -27.4412
8.62 -27.7309
8.63 -28.0177
8.64 -28.3018
8.65 -28.5831
8.66 -28.8614
8.67 -29.1369
8.68 -29.4095
8.69 -29.6792
8.7 -29.9459
8.71 -30.2096
8.72 -30.4702
8.73 -30.7278
8.74 -30.9824
8.75 -31.2338
8.76 -31.4822
8.77 -31.7273
8.78 -31.9693
8.79 -32.2081
8.8 -32.4437
8.81 -32.6761
8.82 -32.9051
8.83 -33.1309
8.84 -33.3534
8.85 -33.5725
8.86 -33.7883
8.87 -34.0007
8.88 -34.2097
8.89 -34.4153
8.9 -34.6174
8.91 -34.8161
8.92 -35.0113
8.93 -35.203
8.94 -35.3911
8.95 -35.5758
8.96 -35.7568
8.97 -35.9343
8.98 -36.1082
8.99 -36.2785
9 -36.4452
9.01 -36.6082
9.02 -36.7676
9.03 -36.9233
9.04 -37.0753
9.05 -37.2236
9.06 -37.3681
9.07 -37.5089
9.08 -37.646
9.09 -37.7793
9.1 -37.9089
9.11 -38.0346
9.12 -38.1565
9.13 -38.2747
9.14 -38.389
9.15 -38.4994
9.16 -38.606
9.17 -38.7088
9.18 -38.8076
9.19 -38.9026
9.2 -38.9937
9.21 -39.0809
9.22 -39.1642
9.23 -39.2436
9.24 -39.3191
9.25 -39.3906
9.26 -39.4582
9.27 -39.5218
9.28 -39.5815
9.29 -39.6372
9.3 -39.689
9.31 -39.7368
9.32 -39.7806
9.33 -39.8205
9.34 -39.8563
9.35 -39.8882
9.36 -39.9161
9.37 -39.94
9.38 -39.9599
9.39 -39.9758
9.4 -39.9877
9.41 -39.9956
9.42 -39.9995
9.43 -39.9995
9.44 -39.9954
9.45 -39.9873
9.46 -39.9752
9.47 -39.9591
9.48 -39.939
9.49 -39.915
9.5 -39.8869
9.51 -39.8548
9.52 -39.8188
9.53 -39.7788
9.54 -39.7348
9.55 -39.6868
9.56 -39.6349
9.57 -39.579
9.58 -39.5191
9.59 -39.4553
9.6 -39.3875
9.61 -39.3158
9.62 -39.2402
9.63 -39.1606
9.64 -39.0772
9.65 -38.9898
9.66 -38.8985
9.67 -38.8033
9.68 -38.7043
9.69 -38.6014
9.7 -38.4946
9.71 -38.384
9.72 -38.2695
9.73 -38.1512
9.74 -38.0291
9.75 -37.9032
9.76 -37.7735
9.77 -37.64
9.78 -37.5028
9.79 -37.3618
9.8 -37.2171
9.81 -37.0686
9.82 -36.9164
9.83 -36.7606
9.84 -36.6011
9.85 -36.4379
9.86 -36.2711
9.87 -36.1006
9.88 -35.9265
9.89 -35.7489
9.9 -35.5676
9.91 -35.3829
9.92 -35.1945
9.93 -35.0027
9.94 -34.8073
9.95 -34.6085
9.96 -34.4062
9.97 -34.2005
9.98 -33.9913
9.99 -33.7788
10 -33.5629
10.01 -33.3436
10.02 -33.121
10.03 -32.895
10.04 -32.6658
10.05 -32.4333
10.06 -32.1976
10.07 -31.9587
10.08 -31.7165
10.09 -31.4712
10.1 -31.2227
10.11 -30.9711
10.12 -30.7165
10.13 -30.4587
10.14 -30.1979
10.15 -29.9341
10.16 -29.6673
10.17 -29.3975
10.18 -29.1248
10.19 -28.8491
10.2 -28.5706
10.21 -28.2893
10.22 -28.005
10.23 -27.718
10.24 -27.4283
10.25 -27.1358
10.26 -26.8405
10.27 -26.5426
10.28 -26.242
10.29 -25.9388
10.3 -25.6331
10.31 -25.3247
10.32 -25.0138
10.33 -24.7004
10.34 -24.3846
10.35 -24.0663
10.36 -23.7456
10.37 -23.4225
10.38 -23.0971
10.39 -22.7694
10.4 -22.4394
10.41 -22.1071
10.42 -21.7727
10.43 -21.436
10.44 -21.0973
10.45 -20.7564
10.46 -20.4134
10.47 -20.0684
10.48 -19.7214
10.49 -19.3724
10.5 -19.0215
10.51 -18.6687
10.52 -18.314
10.53 -17.9574
10.54 -17.5991
10.55 -17.239
10.56 -16.8772
10.57 -16.5138
10.58 -16.1486
10.59 -15.7819
10.6 -15.4135
10.61 -15.0437
10.62 -14.6723
10.63 -14.2994
10.64 -13.9252
10.65 -13.5495
10.66 -13.1725
10.67 -12.7941
10.68 -12.4145
10.69 -12.0336
10.7 -11.6516
10.71 -11.2683
10.72 -10.884
10.73 -10.4985
10.74 -10.112
10.75 -9.72454
10.76 -9.33606
10.77 -8.94665
10.78 -8.55634
10.79 -8.16518
10.8 -7.7732
10.81 -7.38044
10.82 -6.98695
10.83 -6.59275
10.84 -6.1979
10.85 -5.80243
10.86 -5.40637
10.87 -5.00978
10.88 -4.61269
10.89 -4.21513
10.9 -3.81715
10.91 -3.4188
10.92 -3.02009
10.93 -2.62109
10.94 -2.22183
10.95 -1.82234
10.96 -1.42267
10.97 -1.02286
10.98 -0.622946
10.99 -0.22297
11 0.177028
11.01 0.577008
11.02 0.976931
11.03 1.37676
11.04 1.77644
11.05 2.17595
11.06 2.57525
11.07 2.97428
11.08 3.37302
11.09 3.77142
11.1 4.16944
11.11 4.56705
11.12 4.9642
11.13 5.36085
11.14 5.75697
11.15 6.15251
11.16 6.54743
11.17 6.9417
11.18 7.33528
11.19 7.72812
11.2 8.12019
11.21 8.51145
11.22 8.90186
11.23 9.29138
11.24 9.67997
11.25 10.0676
11.26 10.4542
11.27 10.8398
11.28 11.2243
11.29 11.6076
11.3 11.9898
11.31 12.3708
11.32 12.7506
11.33 13.1291
11.34 13.5062
11.35 13.8821
11.36 14.2565
11.37 14.6295
11.38 15.0011
11.39 15.3711
11.4 15.7396
11.41 16.1066
11.42 16.4719
11.43 16.8356
11.44 17.1976
11.45 17.5579
11.46 17.9164
11.47 18.2731
11.48 18.628
11.49 18.981
11.5 19.3322
11.51 19.6814
11.52 20.0286
11.53 20.3739
11.54 20.7171
11.55 21.0582
11.56 21.3972
11.57 21.7341
11.58 22.0688
11.59 22.4013
11.6 22.7316
11.61 23.0596
11.62 23.3853
11.63 23.7086
11.64 24.0296
11.65 24.3481
11.66 24.6643
11.67 24.978
11.68 25.2891
11.69 25.5978
11.7 25.9039
11.71 26.2073
11.72 26.5082
11.73 26.8064
11.74 27.102
11.75 27.3948
11.76 27.6849
11.77 27.9722
11.78 28.2568
11.79 28.5385
11.8 28.8173
11.81 29.0933
11.82 29.3663
11.83 29.6364
11.84 29.9036
11.85 30.1678
11.86 30.4289
11.87 30.687
11.88 30.942
11.89 31.194
11.9 31.4428
11.91 31.6885
11.92 31.931
11.93 32.1703
11.94 32.4064
11.95 32.6393
11.96 32.8689
11.97 33.0952
11.98 33.3182
11.99 33.5378
12 33.7542
12.01 33.9671
12.02 34.1766
12.03 34.3828
12.04 34.5854
12.05 34.7847
12.06 34.9804
12.07 35.1727
12.08 35.3614
12.09 35.5466
12.1 35.7282
12.11 35.9063
12.12 36.0808
12.13 36.2517
12.14 36.4189
12.15 36.5825
12.16 36.7425
12.17 36.8987
12.18 37.0513
12.19 37.2002
12.2 37.3453
12.21 37.4868
12.22 37.6244
12.23 37.7584
12.24 37.8885
12.25 38.0148
12.26 38.1374
12.27 38.2561
12.28 38.371
12.29 38.4821
12.3 38.5893
12.31 38.6927
12.32 38.7922
12.33 38.8878
12.34 38.9795
12.35 39.0673
12.36 39.1512
12.37 39.2312
12.38 39.3073
12.39 39.3795
12.4 39.4477
12.41 39.512
12.42 39.5723
12.43 39.6286
12.44 39.681
12.45 39.7295
12.46 39.7739
12.47 39.8144
12.48 39.8509
12.49 39.8834
12.5 39.9119
12.51 39.9365
12.52 39.957
12.53 39.9735
12.54 39.9861
12.55 39.9946
12.56 39.9992
12.57 39.9997
12.58 39.9963
12.59 39.9888
12.6 39.9774
12.61 39.9619
12.62 39.9425
12.63 39.9191
12.64 39.8916
12.65 39.8602
12.66 39.8248
12.67 39.7854
12.68 39.742
12.69 39.6947
12.7 39.6434
12.71 39.5881
12.72 39.5289
12.73 39.4657
12.74 39.3986
12.75 39.3275
12.76 39.2525
12.77 39.1736
12.78 39.0907
12.79 39.004
12.8 38.9133
12.81 38.8188
12.82 38.7203
12.83 38.618
12.84 38.5119
12.85 38.4018
12.86 38.288
12.87 38.1703
12.88 38.0488
12.89 37.9235
12.9 37.7944
12.91 37.6615
12.92 37.5249
12.93 37.3845
12.94 37.2404
12.95 37.0925
12.96 36.9409
12.97 36.7857
12.98 36.6267
12.99 36.4641
13 36.2979
13.01 36.128
13.02 35.9545
13.03 35.7774
13.04 35.5967
13.05 35.4125
13.06 35.2248
13.07 35.0335
13.08 34.8387
13.09 34.6404
13.1 34.4387
13.11 34.2335
13.12 34.0249
13.13 33.8129
13.14 33.5975
13.15 33.3787
13.16 33.1566
13.17 32.9312
13.18 32.7025
13.19 32.4706
13.2 32.2354
13.21 31.9969
13.22 31.7553
13.23 31.5105
13.24 31.2625
13.25 31.0114
13.26 30.7572
13.27 30.5
13.28 30.2396
13.29 29.9763
13.3 29.71
13.31 29.4407
13.32 29.1684
13.33 28.8932
13.34 28.6152
13.35 28.3343
13.36 28.0505
13.37 27.7639
13.38 27.4746
13.39 27.1825
13.4 26.8877
13.41 26.5902
13.42 26.2901
13.43 25.9873
13.44 25.6819
13.45 25.374
13.46 25.0635
13.47 24.7505
13.48 24.4351
13.49 24.1171
13.5 23.7968
13.51 23.4741
13.52 23.1491
13.53 22.8217
13.54 22.4921
13.55 22.1602
13.56 21.8261
13.57 21.4898
13.58 21.1513
13.59 20.8108
13.6 20.4682
13.61 20.1235
13.62 19.7768
13.63 19.4281
13.64 19.0775
13.65 18.725
13.66 18.3706
13.67 18.0143
13.68 17.6563
13.69 17.2965
13.7 16.935
13.71 16.5718
13.72 16.2069
13.73 15.8404
13.74 15.4723
13.75 15.1027
13.76 14.7315
13.77 14.3589
13.78 13.9849
13.79 13.6094
13.8 13.2326
13.81 12.8545
13.82 12.475
13.83 12.0944
13.84 11.7125
13.85 11.3295
13.86 10.9453
13.87 10.56
13.88 10.1737
13.89 9.78632
13.9 9.39799
13.91 9.00873
13.92 8.61856
13.93 8.22753
13.94 7.83568
13.95 7.44304
13.96 7.04966
13.97 6.65558
13.98 6.26083
13.99 5.86545
14 5.46949
14.01 5.07298
14.02 4.67596
14.03 4.27848
14.04 3.88056
14.05 3.48226
14.06 3.08362
14.07 2.68466
14.08 2.28543
14.09 1.88598
14.1 1.48634
14.11 1.08654
14.12 0.686644
14.13 0.286675
14.14 -0.113322
14.15 -0.513308
14.16 -0.913243
14.17 -1.31309
14.18 -1.7128
14.19 -2.11234
14.2 -2.51167
14.21 -2.91075
14.22 -3.30953
14.23 -3.70799
14.24 -4.10608
14.25 -4.50375
14.26 -4.90098
14.27 -5.29771
14.28 -5.69392
14.29 -6.08955
14.3 -6.48458
14.31 -6.87896
14.32 -7.27265
14.33 -7.66561
14.34 -8.0578
14.35 -8.4492
14.36 -8.83974
14.37 -9.2294
14.38 -9.61814
14.39 -10.0059
14.4 -10.3927
14.41 -10.7784
14.42 -11.1631
14.43 -11.5466
14.44 -11.929
14.45 -12.3102
14.46 -12.6902
14.47 -13.0689
14.48 -13.4463
14.49 -13.8223
14.5 -14.197
14.51 -14.5702
14.52 -14.942
14.53 -15.3123
14.54 -15.681
14.55 -16.0482
14.56 -16.4138
14.57 -16.7778
14.58 -17.14
14.59 -17.5006
14.6 -17.8594
14.61 -18.2164
14.62 -18.5716
14.63 -18.9249
14.64 -19.2764
14.65 -19.6259
14.66 -19.9735
14.67 -20.319
14.68 -20.6626
14.69 -21.004
14.7 -21.3434
14.71 -21.6806
14.72 -22.0157
14.73 -22.3485
14.74 -22.6791
14.75 -23.0075
14.76 -23.3335
14.77 -23.6573
14.78 -23.9786
14.79 -24.2976
14.8 -24.6141
14.81 -24.9282
14.82 -25.2397
14.83 -25.5488
14.84 -25.8553
14.85 -26.1592
14.86 -26.4605
14.87 -26.7591
14.88 -27.0551
14.89 -27.3484
14.9 -27.6389
14.91 -27.9267
14.92 -28.2116
14.93 -28.4938
14.94 -28.7731
14.95 -29.0495
14.96 -29.323
14.97 -29.5936
14.98 -29.8612
14.99 -30.1259
15 -30.3875
15.01 -30.6461
15.02 -30.9016
15.03 -31.1541
15.04 -31.4034
15.05 -31.6496
15.06 -31.8926
15.07 -32.1324
15.08 -32.369
15.09 -32.6024
15.1 -32.8325
15.11 -33.0594
15.12 -33.2829
15.13 -33.5031
15.14 -33.7199
15.15 -33.9334
15.16 -34.1435
15.17 -34.3502
15.18 -34.5534
15.19 -34.7532
15.2 -34.9495
15.21 -35.1423
15.22 -35.3316
15.23 -35.5173
15.24 -35.6996
15.25 -35.8782
15.26 -36.0532
15.27 -36.2247
15.28 -36.3925
15.29 -36.5567
15.3 -36.7172
15.31 -36.8741
15.32 -37.0273
15.33 -37.1767
15.34 -37.3225
15.35 -37.4645
15.36 -37.6028
15.37 -37.7373
15.38 -37.868
15.39 -37.995
15.4 -38.1181
15.41 -38.2375
15.42 -38.353
15.43 -38.4647
15.44 -38.5725
15.45 -38.6765
15.46 -38.7766
15.47 -38.8728
15.48 -38.9651
15.49 -39.0536
15.5 -39.1381
15.51 -39.2188
15.52 -39.2955
15.53 -39.3683
15.54 -39.4371
15.55 -39.502
15.56 -39.5629
15.57 -39.6199
15.58 -39.673
15.59 -39.722
15.6 -39.7671
15.61 -39.8082
15.62 -39.8453
15.63 -39.8785
15.64 -39.9077
15.65 -39.9328
15.66 -39.954
15.67 -39.9712
15.68 -39.9844
15.69 -39.9935
15.7 -39.9987
15.71 -39.9999
15.72 -39.9971
15.73 -39.9903
15.74 -39.9795
15.75 -39.9647
15.76 -39.9459
15.77 -39.9231
15.78 -39.8963
15.79 -39.8655
15.8 -39.8307
15.81 -39.792
15.82 -39.7492
15.83 -39.7025
15.84 -39.6518
15.85 -39.5972
15.86 -39.5386
15.87 -39.476
15.88 -39.4095
15.89 -39.3391
15.9 -39.2647
15.91 -39.1864
15.92 -39.1042
15.93 -39.018
15.94 -38.928
15.95 -38.8341
15.96 -38.7363
15.97 -38.6346
15.98 -38.529
15.99 -38.4196
16 -38.3064
16.01 -38.1893
16.02 -38.0684
16.03 -37.9437
16.04 -37.8152
16.05 -37.6829
16.06 -37.5469
16.07 -37.4071
16.08 -37.2636
16.09 -37.1163
16.1 -36.9653
16.11 -36.8106
16.12 -36.6523
16.13 -36.4903
16.14 -36.3246
16.15 -36.1553
16.16 -35.9824
16.17 -35.8059
16.18 -35.6258
16.19 -35.4421
16.2 -35.2549
16.21 -35.0642
16.22 -34.8699
16.23 -34.6722
16.24 -34.471
16.25 -34.2664
16.26 -34.0583
16.27 -33.8469
16.28 -33.632
16.29 -33.4138
16.3 -33.1922
16.31 -32.9674
16.32 -32.7392
16.33 -32.5077
16.34 -32.273
16.35 -32.0351
16.36 -31.794
16.37 -31.5497
16.38 -31.3022
16.39 -31.0516
16.4 -30.7979
16.41 -30.5411
16.42 -30.2813
16.43 -30.0184
16.44 -29.7526
16.45 -29.4837
16.46 -29.212
16.47 -28.9373
16.48 -28.6597
16.49 -28.3792
16.5 -28.0959
16.51 -27.8098
16.52 -27.5209
16.53 -27.2292
16.54 -26.9349
16.55 -26.6378
16.56 -26.3381
16.57 -26.0357
16.58 -25.7307
16.59 -25.4232
16.6 -25.1131
16.61 -24.8005
16.62 -24.4855
16.63 -24.1679
16.64 -23.848
16.65 -23.5257
16.66 -23.201
16.67 -22.874
16.68 -22.5447
16.69 -22.2132
16.7 -21.8794
16.71 -21.5435
16.72 -21.2054
16.73 -20.8652
16.74 -20.5229
16.75 -20.1785
16.76 -19.8321
16.77 -19.4838
16.78 -19.1335
16.79 -18.7812
16.8 -18.4271
16.81 -18.0712
16.82 -17.7135
16.83 -17.3539
16.84 -16.9927
16.85 -16.6297
16.86 -16.2651
16.87 -15.8989
16.88 -15.531
16.89 -15.1616
16.9 -14.7907
16.91 -14.4183
16.92 -14.0445
16.93 -13.6693
16.94 -13.2927
16.95 -12.9148
16.96 -12.5356
16.97 -12.1551
16.98 -11.7734
16.99 -11.3905
17 -11.0065
17.01 -10.6214
17.02 -10.2353
17.03 -9.84808
17.04 -9.4599
17.05 -9.07078
17.06 -8.68076
17.07 -8.28986
17.08 -7.89814
17.09 -7.50563
17.1 -7.11236
17.11 -6.71839
17.12 -6.32374
17.13 -5.92846
17.14 -5.53259
17.15 -5.13616
17.16 -4.73923
17.17 -4.34181
17.18 -3.94397
17.19 -3.54572
17.2 -3.14713
17.21 -2.74822
17.22 -2.34903
17.23 -1.94961
17.24 -1.55
17.25 -1.15023
17.26 -0.75034
17.27 -0.350379
17.28 0.0496162
17.29 0.449607
17.3 0.849552
17.31 1.24941
17.32 1.64915
17.33 2.04872
17.34 2.44809
17.35 2.84721
17.36 3.24604
17.37 3.64455
17.38 4.0427
17.39 4.44044
17.4 4.83774
17.41 5.23456
17.42 5.63085
17.43 6.02658
17.44 6.42171
17.45 6.81619
17.46 7.20999
17.47 7.60307
17.48 7.99539
17.49 8.38692
17.5 8.7776
17.51 9.1674
17.52 9.55629
17.53 9.94422
17.54 10.3312
17.55 10.7171
17.56 11.1019
17.57 11.4856
17.58 11.8682
17.59 12.2496
17.6 12.6298
17.61 13.0087
17.62 13.3862
17.63 13.7625
17.64 14.1374
17.65 14.5109
17.66 14.8829
17.67 15.2534
17.68 15.6224
17.69 15.9899
17.7 16.3557
17.71 16.7199
17.72 17.0825
17.73 17.4433
17.74 17.8024
17.75 18.1597
17.76 18.5152
17.77 18.8688
17.78 19.2205
17.79 19.5704
17.8 19.9182
17.81 20.2641
17.82 20.608
17.83 20.9498
17.84 21.2895
17.85 21.627
17.86 21.9624
17.87 22.2957
17.88 22.6266
17.89 22.9553
17.9 23.2818
17.91 23.6059
17.92 23.9276
17.93 24.2469
17.94 24.5639
17.95 24.8783
17.96 25.1903
17.97 25.4997
17.98 25.8066
17.99 26.111
18 26.4127
18.01 26.7117
18.02 27.0081
18.03 27.3018
18.04 27.5928
18.05 27.881
18.06 28.1664
18.07 28.449
18.08 28.7288
18.09 29.0057
18.1 29.2797
18.11 29.5507
18.12 29.8188
18.13 30.0839
18.14 30.3461
18.15 30.6051
18.16 30.8611
18.17 31.1141
18.18 31.3639
18.19 31.6106
18.2 31.8541
18.21 32.0944
18.22 32.3316
18.23 32.5655
18.24 32.7961
18.25 33.0235
18.26 33.2475
18.27 33.4682
18.28 33.6856
18.29 33.8996
18.3 34.1103
18.31 34.3175
18.32 34.5213
18.33 34.7216
18.34 34.9184
18.35 35.1118
18.36 35.3017
18.37 35.488
18.38 35.6708
18.39 35.85
18.4 36.0256
18.41 36.1976
18.42 36.366
18.43 36.5308
18.44 36.6919
18.45 36.8494
18.46 37.0031
18.47 37.1532
18.48 37.2995
18.49 37.4421
18.5 37.581
18.51 37.7161
18.52 37.8474
18.53 37.975
18.54 38.0988
18.55 38.2187
18.56 38.3348
18.57 38.4471
18.58 38.5556
18.59 38.6602
18.6 38.7609
18.61 38.8577
18.62 38.9507
18.63 39.0398
18.64 39.1249
18.65 39.2062
18.66 39.2835
18.67 39.3569
18.68 39.4264
18.69 39.4919
18.7 39.5535
18.71 39.6111
18.72 39.6648
18.73 39.7145
18.74 39.7602
18.75 39.8019
18.76 39.8397
18.77 39.8735
18.78 39.9033
18.79 39.9291
18.8 39.9509
18.81 39.9687
18.82 39.9825
18.83 39.9924
18.84 39.9982
18.85 40
18.86 39.9978
18.87 39.9916
18.88 39.9815
18.89 39.9673
18.9 39.9491
18.91 39.927
18.92 39.9008
18.93 39.8706
18.94 39.8365
18.95 39.7984
18.96 39.7563
18.97 39.7102
18.98 39.6602
18.99 39.6062
19 39.5482
19.01 39.4863
19.02 39.4204
19.03 39.3506
19.04 39.2768
19.05 39.1991
19.06 39.1175
19.07 39.032
19.08 38.9426
19.09 38.8493
19.1 38.7521
19.11 38.651
19.12 38.5461
19.13 38.4373
19.14 38.3247
19.15 38.2082
19.16 38.0879
19.17 37.9638
19.18 37.8359
19.19 37.7043
19.2 37.5688
19.21 37.4296
19.22 37.2867
19.23 37.14
19.24 36.9896
19.25 36.8355
19.26 36.6777
19.27 36.5163
19.28 36.3512
19.29 36.1825
19.3 36.0102
19.31 35.8342
19.32 35.6547
19.33 35.4716
19.34 35.285
19.35 35.0948
19.36 34.9011
19.37 34.7039
19.38 34.5033
19.39 34.2992
19.4 34.0917
19.41 33.8808
19.42 33.6665
19.43 33.4488
19.44 33.2277
19.45 33.0034
19.46 32.7757
19.47 32.5448
19.48 32.3106
19.49 32.0732
19.5 31.8326
19.51 31.5888
19.52 31.3418
19.53 31.0917
19.54 30.8385
19.55 30.5822
19.56 30.3229
19.57 30.0605
19.58 29.7951
19.59 29.5268
19.6 29.2554
19.61 28.9812
19.62 28.7041
19.63 28.424
19.64 28.1412
19.65 27.8555
19.66 27.5671
19.67 27.2759
19.68 26.9819
19.69 26.6853
19.7 26.386
19.71 26.084
19.72 25.7795
19.73 25.4724
19.74 25.1627
19.75 24.8505
19.76 24.5358
19.77 24.2187
19.78 23.8991
19.79 23.5772
19.8 23.2529
19.81 22.9262
19.82 22.5973
19.83 22.2661
19.84 21.9327
19.85 21.5971
19.86 21.2594
19.87 20.9195
19.88 20.5775
19.89 20.2335
19.9 19.8874
19.91 19.5394
19.92 19.1894
19.93 18.8375
19.94 18.4837
19.95 18.128
19.96 17.7705
19.97 17.4113
19.98 17.0503
19.99 16.6876
20 16.3233
20.01 15.9573
20.02 15.5897
20.03 15.2206
20.04 14.8499
20.05 14.4778
20.06 14.1042
20.07 13.7291
20.08 13.3528
20.09 12.9751
20.1 12.596
20.11 12.2158
20.12 11.8343
20.13 11.4516
20.14 11.0678
20.15 10.6828
20.16 10.2968
20.17 9.90981
20.18 9.52179
20.19 9.13282
20.2 8.74293
20.21 8.35218
20.22 7.96058
20.23 7.56819
20.24 7.17504
20.25 6.78118
20.26 6.38664
20.27 5.99146
20.28 5.59568
20.29 5.19934
20.3 4.80248
20.31 4.40514
20.32 4.00736
20.33 3.60917
20.34 3.21063
20.35 2.81177
20.36 2.41262
20.37 2.01324
20.38 1.61365
20.39 1.2139
20.4 0.814034
20.41 0.414083
20.42 0.0140899
20.43 -0.385904
20.44 -0.78586
20.45 -1.18574
20.46 -1.58549
20.47 -1.98509
20.48 -2.3845
20.49 -2.78366
20.5 -3.18254
20.51 -3.58111
20.52 -3.97932
20.53 -4.37713
20.54 -4.7745
20.55 -5.17139
20.56 -5.56777
20.57 -5.96359
20.58 -6.35882
20.59 -6.75341
20.6 -7.14732
20.61 -7.54052
20.62 -7.93296
20.63 -8.32462
20.64 -8.71543
20.65 -9.10538
20.66 -9.49442
20.67 -9.88251
20.68 -10.2696
20.69 -10.6557
20.7 -11.0407
20.71 -11.4246
20.72 -11.8073
20.73 -12.1889
20.74 -12.5693
20.75 -12.9484
20.76 -13.3262
20.77 -13.7027
20.78 -14.0778
20.79 -14.4515
20.8 -14.8237
20.81 -15.1945
20.82 -15.5638
20.83 -15.9314
20.84 -16.2976
20.85 -16.662
20.86 -17.0248
20.87 -17.3859
20.88 -17.7453
20.89 -18.1029
20.9 -18.4587
20.91 -18.8126
20.92 -19.1647
20.93 -19.5148
20.94 -19.863
20.95 -20.2092
20.96 -20.5534
20.97 -20.8955
20.98 -21.2355
20.99 -21.5734
21 -21.9092
21.01 -22.2427
21.02 -22.5741
21.03 -22.9031
21.04 -23.2299
21.05 -23.5544
21.06 -23.8765
21.07 -24.1962
21.08 -24.5135
21.09 -24.8284
21.1 -25.1408
21.11 -25.4506
21.12 -25.7579
21.13 -26.0627
21.14 -26.3648
21.15 -26.6643
21.16 -26.9611
21.17 -27.2552
21.18 -27.5466
21.19 -27.8353
21.2 -28.1212
21.21 -28.4042
21.22 -28.6844
21.23 -28.9618
21.24 -29.2362
21.25 -29.5077
21.26 -29.7763
21.27 -30.0419
21.28 -30.3045
21.29 -30.5641
21.3 -30.8206
21.31 -31.074
21.32 -31.3243
21.33 -31.5715
21.34 -31.8155
21.35 -32.0564
21.36 -32.294
21.37 -32.5284
21.38 -32.7596
21.39 -32.9875
21.4 -33.212
21.41 -33.4333
21.42 -33.6512
21.43 -33.8658
21.44 -34.0769
21.45 -34.2847
21.46 -34.489
21.47 -34.6899
21.48 -34.8873
21.49 -35.0813
21.5 -35.2717
21.51 -35.4586
21.52 -35.6419
21.53 -35.8217
21.54 -35.9979
21.55 -36.1705
21.56 -36.3395
21.57 -36.5048
21.58 -36.6665
21.59 -36.8245
21.6 -36.9789
21.61 -37.1295
21.62 -37.2765
21.63 -37.4197
21.64 -37.5591
21.65 -37.6948
21.66 -37.8268
21.67 -37.9549
21.68 -38.0793
21.69 -38.1999
21.7 -38.3166
21.71 -38.4295
21.72 -38.5386
21.73 -38.6438
21.74 -38.7451
21.75 -38.8426
21.76 -38.9362
21.77 -39.0258
21.78 -39.1116
21.79 -39.1935
21.8 -39.2715
21.81 -39.3455
21.82 -39.4156
21.83 -39.4817
21.84 -39.544
21.85 -39.6022
21.86 -39.6565
21.87 -39.7068
21.88 -39.7532
21.89 -39.7956
21.9 -39.834
21.91 -39.8684
21.92 -39.8988
21.93 -39.9252
21.94 -39.9477
21.95 -39.9661
21.96 -39.9806
21.97 -39.9911
21.98 -39.9975
21.99 -40
22 -39.9984
22.01 -39.9929
22.02 -39.9834
22.03 -39.9698
22.04 -39.9523
22.05 -39.9308
22.06 -39.9052
22.07 -39.8757
22.08 -39.8422
22.09 -39.8047
22.1 -39.7633
22.11 -39.7178
22.12 -39.6684
22.13 -39.615
22.14 -39.5577
22.15 -39.4964
22.16 -39.4311
22.17 -39.3619
22.18 -39.2888
22.19 -39.2118
22.2 -39.1308
22.21 -39.0459
22.22 -38.9571
22.23 -38.8644
22.24 -38.7678
22.25 -38.6674
22.26 -38.5631
22.27 -38.4549
22.28 -38.3429
22.29 -38.227
22.3 -38.1073
22.31 -37.9838
22.32 -37.8566
22.33 -37.7255
22.34 -37.5906
22.35 -37.452
22.36 -37.3097
22.37 -37.1636
22.38 -37.0138
22.39 -36.8603
22.4 -36.7031
22.41 -36.5423
22.42 -36.3778
22.43 -36.2096
22.44 -36.0378
22.45 -35.8625
22.46 -35.6835
22.47 -35.501
22.48 -35.3149
22.49 -35.1253
22.5 -34.9322
22.51 -34.7356
22.52 -34.5355
22.53 -34.3319
22.54 -34.125
22.55 -33.9146
22.56 -33.7008
22.57 -33.4837
22.58 -33.2632
22.59 -33.0393
22.6 -32.8122
22.61 -32.5818
22.62 -32.3481
22.63 -32.1112
22.64 -31.8711
22.65 -31.6278
22.66 -31.3814
22.67 -31.1318
22.68 -30.8791
22.69 -30.6233
22.7 -30.3644
22.71 -30.1025
22.72 -29.8376
22.73 -29.5697
22.74 -29.2989
22.75 -29.0251
22.76 -28.7484
22.77 -28.4688
22.78 -28.1864
22.79 -27.9012
22.8 -27.6132
22.81 -27.3224
22.82 -27.0289
22.83 -26.7327
22.84 -26.4338
22.85 -26.1323
22.86 -25.8282
22.87 -25.5214
22.88 -25.2122
22.89 -24.9004
22.9 -24.5861
22.91 -24.2693
22.92 -23.9502
22.93 -23.6286
22.94 -23.3047
22.95 -22.9784
22.96 -22.6499
22.97 -22.319
22.98 -21.986
22.99 -21.6507
23 -21.3133
23.01 -20.9738
23.02 -20.6321
23.03 -20.2884
23.04 -19.9427
23.05 -19.5949
23.06 -19.2453
23.07 -18.8936
23.08 -18.5401
23.09 -18.1848
23.1 -17.8276
23.11 -17.4686
23.12 -17.1079
23.13 -16.7455
23.14 -16.3814
23.15 -16.0157
23.16 -15.6484
23.17 -15.2795
23.18 -14.909
23.19 -14.5371
23.2 -14.1638
23.21 -13.789
23.22 -13.4128
23.23 -13.0353
23.24 -12.6565
23.25 -12.2764
23.26 -11.8951
23.27 -11.5126
23.28 -11.129
23.29 -10.7442
23.3 -10.3584
23.31 -9.97152
23.32 -9.58365
23.33 -9.19483
23.34 -8.80509
23.35 -8.41447
23.36 -8.023
23.37 -7.63074
23.38 -7.23771
23.39 -6.84396
23.4 -6.44952
23.41 -6.05444
23.42 -5.65875
23.43 -5.2625
23.44 -4.86572
23.45 -4.46845
23.46 -4.07074
23.47 -3.67262
23.48 -3.27413
23.49 -2.87531
23.5 -2.47621
23.51 -2.07686
23.52 -1.6773
23.53 -1.27758
23.54 -0.877726
23.55 -0.477785
23.56 -0.077796
23.57 0.3222
23.58 0.722165
23.59 1.12206
23.6 1.52184
23.61 1.92146
23.62 2.3209
23.63 2.7201
23.64 3.11903
23.65 3.51765
23.66 3.91592
23.67 4.3138
23.68 4.71124
23.69 5.10822
23.7 5.50468
23.71 5.90059
23.72 6.29591
23.73 6.69061
23.74 7.08463
23.75 7.47795
23.76 7.87051
23.77 8.26229
23.78 8.65325
23.79 9.04334
23.8 9.43252
23.81 9.82076
23.82 10.208
23.83 10.5943
23.84 10.9794
23.85 11.3635
23.86 11.7465
23.87 12.1282
23.88 12.5088
23.89 12.8881
23.9 13.2661
23.91 13.6428
23.92 14.0181
23.93 14.3921
23.94 14.7645
23.95 15.1356
23.96 15.505
23.97 15.873
23.98 16.2394
23.99 16.6041
24 16.9672
24.01 17.3285
24.02 17.6882
24.03 18.0461
24.04 18.4021
24.05 18.7564
24.06 19.1087
24.07 19.4592
24.08 19.8077
24.09 20.1542
24.1 20.4987
24.11 20.8411
24.12 21.1815
24.13 21.5197
24.14 21.8558
24.15 22.1898
24.16 22.5214
24.17 22.8509
24.18 23.178
24.19 23.5029
24.2 23.8254
24.21 24.1455
24.22 24.4632
24.23 24.7784
24.24 25.0912
24.25 25.4014
24.26 25.7092
24.27 26.0143
24.28 26.3168
24.29 26.6168
24.3 26.914
24.31 27.2086
24.32 27.5004
24.33 27.7895
24.34 28.0758
24.35 28.3593
24.36 28.64
24.37 28.9178
24.38 29.1927
24.39 29.4647
24.4 29.7337
24.41 29.9998
24.42 30.2629
24.43 30.5229
24.44 30.7799
24.45 31.0338
24.46 31.2847
24.47 31.5323
24.48 31.7769
24.49 32.0182
24.5 32.2564
24.51 32.4913
24.52 32.723
24.53 32.9514
24.54 33.1765
24.55 33.3983
24.56 33.6167
24.57 33.8318
24.58 34.0435
24.59 34.2518
24.6 34.4567
24.61 34.6582
24.62 34.8561
24.63 35.0506
24.64 35.2416
24.65 35.429
24.66 35.6129
24.67 35.7933
24.68 35.9701
24.69 36.1432
24.7 36.3128
24.71 36.4787
24.72 36.641
24.73 36.7996
24.74 36.9545
24.75 37.1058
24.76 37.2533
24.77 37.3971
24.78 37.5372
24.79 37.6735
24.8 37.806
24.81 37.9348
24.82 38.0598
24.83 38.1809
24.84 38.2983
24.85 38.4118
24.86 38.5214
24.87 38.6273
24.88 38.7292
24.89 38.8273
24.9 38.9215
24.91 39.0118
24.92 39.0982
24.93 39.1807
24.94 39.2593
24.95 39.334
24.96 39.4047
24.97 39.4715
24.98 39.5343
24.99 39.5932
25 39.6481
25.01 39.6991
25.02 39.7461
25.03 39.7891
25.04 39.8281
25.05 39.8632
25.06 39.8942
25.07 39.9213
25.08 39.9444
25.09 39.9635
25.1 39.9786
25.11 39.9897
25.12 39.9968
25.13 39.9998
25.14 39.9989
25.15 39.994
25.16 39.9851
25.17 39.9722
25.18 39.9553
25.19 39.9344
25.2 39.9096
25.21 39.8807
25.22 39.8478
25.23 39.811
25.24 39.7701
25.25 39.7253
25.26 39.6765
25.27 39.6238
25.28 39.5671
25.29 39.5064
25.3 39.4418
25.31 39.3732
25.32 39.3007
25.33 39.2243
25.34 39.1439
25.35 39.0597
25.36 38.9715
25.37 38.8794
25.38 38.7835
25.39 38.6836
25.4 38.5799
25.41 38.4724
25.42 38.361
25.43 38.2457
25.44 38.1266
25.45 38.0038
25.46 37.8771
25.47 37.7466
25.48 37.6124
25.49 37.4744
25.5 37.3326
25.51 37.1871
25.52 37.0379
25.53 36.885
25.54 36.7284
25.55 36.5681
25.56 36.4042
25.57 36.2366
25.58 36.0654
25.59 35.8906
25.6 35.7123
25.61 35.5303
25.62 35.3448
25.63 35.1557
25.64 34.9632
25.65 34.7671
25.66 34.5676
25.67 34.3646
25.68 34.1582
25.69 33.9483
25.7 33.7351
25.71 33.5185
25.72 33.2985
25.73 33.0752
25.74 32.8486
25.75 32.6187
25.76 32.3856
25.77 32.1492
25.78 31.9096
25.79 31.6668
25.8 31.4208
25.81 31.1717
25.82 30.9195
25.83 30.6642
25.84 30.4058
25.85 30.1444
25.86 29.88
25.87 29.6126
25.88 29.3422
25.89 29.0689
25.9 28.7926
25.91 28.5135
25.92 28.2316
25.93 27.9468
25.94 27.6593
25.95 27.3689
25.96 27.0758
25.97 26.7801
25.98 26.4816
25.99 26.1805
26 25.8768
26.01 25.5705
26.02 25.2616
26.03 24.9502
26.04 24.6363
26.05 24.32
26.06 24.0012
26.07 23.68
26.08 23.3564
26.09 23.0305
26.1 22.7023
26.11 22.3719
26.12 22.0392
26.13 21.7043
26.14 21.3672
26.15 21.028
26.16 20.6867
26.17 20.3433
26.18 19.9979
26.19 19.6505
26.2 19.3011
26.21 18.9498
26.22 18.5966
26.23 18.2415
26.24 17.8846
26.25 17.5259
26.26 17.1655
26.27 16.8033
26.28 16.4395
26.29 16.074
26.3 15.707
26.31 15.3383
26.32 14.9681
26.33 14.5965
26.34 14.2233
26.35 13.8487
26.36 13.4728
26.37 13.0955
26.38 12.7169
26.39 12.337
26.4 11.9559
26.41 11.5736
26.42 11.1901
26.43 10.8056
26.44 10.4199
26.45 10.0332
26.46 9.64549
26.47 9.25682
26.48 8.86722
26.49 8.47674
26.5 8.0854
26.51 7.69326
26.52 7.30035
26.53 6.90671
26.54 6.51238
26.55 6.1174
26.56 5.72181
26.57 5.32564
26.58 4.92894
26.59 4.53175
26.6 4.13411
26.61 3.73605
26.62 3.33762
26.63 2.93885
26.64 2.53979
26.65 2.14048
26.66 1.74095
26.67 1.34125
26.68 0.941415
26.69 0.541486
26.7 0.141502
26.71 -0.258496
26.72 -0.658468
26.73 -1.05837
26.74 -1.45817
26.75 -1.85783
26.76 -2.2573
26.77 -2.65654
26.78 -3.05552
26.79 -3.45419
26.8 -3.85252
26.81 -4.25046
26.82 -4.64797
26.83 -5.04503
26.84 -5.44157
26.85 -5.83757
26.86 -6.23299
26.87 -6.62779
26.88 -7.02192
26.89 -7.41535
26.9 -7.80804
26.91 -8.19995
26.92 -8.59104
26.93 -8.98127
26.94 -9.3706
26.95 -9.75899
26.96 -10.1464
26.97 -10.5328
26.98 -10.9182
26.99 -11.3024
27 -11.6856
27.01 -12.0675
27.02 -12.4483
27.03 -12.8278
27.04 -13.206
27.05 -13.5829
27.06 -13.9584
27.07 -14.3326
27.08 -14.7053
27.09 -15.0766
27.1 -15.4463
27.11 -15.8145
27.12 -16.1811
27.13 -16.5461
27.14 -16.9094
27.15 -17.2711
27.16 -17.631
27.17 -17.9892
27.18 -18.3455
27.19 -18.7001
27.2 -19.0527
27.21 -19.4035
27.22 -19.7523
27.23 -20.0991
27.24 -20.4439
27.25 -20.7867
27.26 -21.1274
27.27 -21.466
27.28 -21.8025
27.29 -22.1367
27.3 -22.4688
27.31 -22.7986
27.32 -23.1261
27.33 -23.4513
27.34 -23.7742
27.35 -24.0947
27.36 -24.4127
27.37 -24.7284
27.38 -25.0415
27.39 -25.3522
27.4 -25.6603
27.41 -25.9659
27.42 -26.2688
27.43 -26.5692
27.44 -26.8669
27.45 -27.1618
27.46 -27.4541
27.47 -27.7436
27.48 -28.0304
27.49 -28.3144
27.5 -28.5955
27.51 -28.8737
27.52 -29.1491
27.53 -29.4216
27.54 -29.6911
27.55 -29.9576
27.56 -30.2212
27.57 -30.4817
27.58 -30.7392
27.59 -30.9936
27.6 -31.2449
27.61 -31.4931
27.62 -31.7381
27.63 -31.98
27.64 -32.2187
27.65 -32.4541
27.66 -32.6863
27.67 -32.9152
27.68 -33.1409
27.69 -33.3632
27.7 -33.5822
27.71 -33.7978
27.72 -34.0101
27.73 -34.2189
27.74 -34.4243
27.75 -34.6263
27.76 -34.8248
27.77 -35.0199
27.78 -35.2114
27.79 -35.3994
27.8 -35.5839
27.81 -35.7648
27.82 -35.9421
27.83 -36.1159
27.84 -36.286
27.85 -36.4525
27.86 -36.6154
27.87 -36.7746
27.88 -36.9301
27.89 -37.0819
27.9 -37.2301
27.91 -37.3745
27.92 -37.5151
27.93 -37.652
27.94 -37.7852
27.95 -37.9145
27.96 -38.0401
27.97 -38.1619
27.98 -38.2798
27.99 -38.3939
28 -38.5042
28.01 -38.6107
28.02 -38.7132
28.03 -38.8119
28.04 -38.9068
28.05 -38.9977
28.06 -39.0847
28.07 -39.1679
28.08 -39.2471
28.09 -39.3223
28.1 -39.3937
28.11 -39.4611
28.12 -39.5246
28.13 -39.5841
28.14 -39.6396
28.15 -39.6912
28.16 -39.7388
28.17 -39.7825
28.18 -39.8222
28.19 -39.8578
28.2 -39.8895
28.21 -39.9173
28.22 -39.941
28.23 -39.9607
28.24 -39.9764
28.25 -39.9882
28.26 -39.9959
28.27 -39.9996
28.28 -39.9994
28.29 -39.9951
28.3 -39.9868
28.31 -39.9746
28.32 -39.9583
28.33 -39.938
28.34 -39.9138
28.35 -39.8855
28.36 -39.8533
28.37 -39.8171
28.38 -39.7769
28.39 -39.7327
28.4 -39.6846
28.41 -39.6325
28.42 -39.5764
28.43 -39.5163
28.44 -39.4523
28.45 -39.3844
28.46 -39.3125
28.47 -39.2367
28.48 -39.157
28.49 -39.0734
28.5 -38.9858
28.51 -38.8944
28.52 -38.799
28.53 -38.6998
28.54 -38.5967
28.55 -38.4898
28.56 -38.379
28.57 -38.2643
28.58 -38.1459
28.59 -38.0236
28.6 -37.8975
28.61 -37.7676
28.62 -37.634
28.63 -37.4966
28.64 -37.3554
28.65 -37.2105
28.66 -37.0619
28.67 -36.9096
28.68 -36.7536
28.69 -36.5939
28.7 -36.4306
28.71 -36.2636
28.72 -36.0929
28.73 -35.9187
28.74 -35.7409
28.75 -35.5595
28.76 -35.3746
28.77 -35.1861
28.78 -34.9941
28.79 -34.7986
28.8 -34.5996
28.81 -34.3972
28.82 -34.1913
28.83 -33.982
28.84 -33.7693
28.85 -33.5532
28.86 -33.3338
28.87 -33.111
28.88 -32.8849
28.89 -32.6556
28.9 -32.4229
28.91 -32.1871
28.92 -31.948
28.93 -31.7057
28.94 -31.4602
28.95 -31.2116
28.96 -30.9599
28.97 -30.7051
28.98 -30.4472
28.99 -30.1863
29 -29.9223
29.01 -29.6554
29.02 -29.3854
29.03 -29.1126
29.04 -28.8368
29.05 -28.5582
29.06 -28.2767
29.07 -27.9924
29.08 -27.7052
29.09 -27.4153
29.1 -27.1227
29.11 -26.8273
29.12 -26.5293
29.13 -26.2286
29.14 -25.9253
29.15 -25.6194
29.16 -25.311
29.17 -25
29.18 -24.6865
29.19 -24.3705
29.2 -24.0521
29.21 -23.7313
29.22 -23.4081
29.23 -23.0826
29.24 -22.7548
29.25 -22.4247
29.26 -22.0923
29.27 -21.7578
29.28 -21.421
29.29 -21.0822
29.3 -20.7412
29.31 -20.3981
29.32 -20.053
29.33 -19.7059
29.34 -19.3569
29.35 -19.0058
29.36 -18.6529
29.37 -18.2982
29.38 -17.9416
29.39 -17.5832
29.4 -17.223
29.41 -16.8611
29.42 -16.4976
29.43 -16.1324
29.44 -15.7655
29.45 -15.3971
29.46 -15.0272
29.47 -14.6557
29.48 -14.2828
29.49 -13.9085
29.5 -13.5328
29.51 -13.1557
29.52 -12.7773
29.53 -12.3976
29.54 -12.0167
29.55 -11.6346
29.56 -11.2513
29.57 -10.8669
29.58 -10.4814
29.59 -10.0949
29.6 -9.70731
29.61 -9.31878
29.62 -8.92933
29.63 -8.53899
29.64 -8.14779
29.65 -7.75577
29.66 -7.36298
29.67 -6.96945
29.68 -6.57523
29.69 -6.18035
29.7 -5.78485
29.71 -5.38877
29.72 -4.99216
29.73 -4.59504
29.74 -4.19747
29.75 -3.79947
29.76 -3.4011
29.77 -3.00238
29.78 -2.60337
29.79 -2.20409
29.8 -1.8046
29.81 -1.40492
29.82 -1.0051
29.83 -0.605185
29.84 -0.205207
29.85 0.194791
29.86 0.59477
29.87 0.994689
29.88 1.39451
29.89 1.79419
29.9 2.19369
29.91 2.59297
29.92 2.99199
29.93 3.39072
29.94 3.7891
29.95 4.18711
29.96 4.58469
29.97 4.98182
29.98 5.37845
29.99 5.77454
30 6.17006
30.01 6.56496
30.02 6.9592
30.03 7.35274
30.04 7.74555
30.05 8.13759
30.06 8.52881
30.07 8.91918
30.08 9.30865
30.09 9.6972
30.1 10.0848
30.11 10.4713
30.12 10.8569
30.13 11.2413
30.14 11.6246
30.15 12.0068
30.16 12.3877
30.17 12.7674
30.18 13.1458
30.19 13.523
30.2 13.8987
30.21 14.2731
30.22 14.6461
30.23 15.0175
30.24 15.3875
30.25 15.756
30.26 16.1228
30.27 16.4881
30.28 16.8517
30.29 17.2136
30.3 17.5738
30.31 17.9323
30.32 18.2889
30.33 18.6437
30.34 18.9967
30.35 19.3477
30.36 19.6969
30.37 20.044
30.38 20.3892
30.39 20.7323
30.4 21.0733
30.41 21.4122
30.42 21.749
30.43 22.0836
30.44 22.416
30.45 22.7462
30.46 23.0741
30.47 23.3997
30.48 23.7229
30.49 24.0438
30.5 24.3622
30.51 24.6783
30.52 24.9918
30.53 25.3029
30.54 25.6114
30.55 25.9174
30.56 26.2208
30.57 26.5215
30.58 26.8196
30.59 27.115
30.6 27.4078
30.61 27.6977
30.62 27.9849
30.63 28.2693
30.64 28.5509
30.65 28.8296
30.66 29.1055
30.67 29.3784
30.68 29.6484
30.69 29.9154
30.7 30.1794
30.71 30.4404
30.72 30.6984
30.73 30.9533
30.74 31.2051
30.75 31.4538
30.76 31.6993
30.77 31.9417
30.78 32.1809
30.79 32.4168
30.8 32.6495
30.81 32.879
30.82 33.1052
30.83 33.328
30.84 33.5475
30.85 33.7637
30.86 33.9765
30.87 34.1859
30.88 34.3918
30.89 34.5944
30.9 34.7934
30.91 34.989
30.92 35.1811
30.93 35.3697
30.94 35.5547
30.95 35.7362
30.96 35.9141
30.97 36.0885
30.98 36.2592
30.99 36.4263
31 36.5897
31.01 36.7495
31.02 36.9056
31.03 37.058
31.04 37.2067
31.05 37.3517
31.06 37.493
31.07 37.6305
31.08 37.7642
31.09 37.8942
31.1 38.0204
31.11 38.1427
31.12 38.2613
31.13 38.376
31.14 38.4869
31.15 38.594
31.16 38.6972
31.17 38.7965
31.18 38.8919
31.19 38.9835
31.2 39.0711
31.21 39.1549
31.22 39.2347
31.23 39.3106
31.24 39.3826
31.25 39.4506
31.26 39.5147
31.27 39.5749
31.28 39.631
31.29 39.6833
31.3 39.7315
31.31 39.7758
31.32 39.8161
31.33 39.8524
31.34 39.8848
31.35 39.9131
31.36 39.9375
31.37 39.9578
31.38 39.9742
31.39 39.9866
31.4 39.9949
31.41 39.9993
