0 40
0.01 39.998
0.02 39.992
0.03 39.982
0.04 39.9681
0.05 39.9503
0.06 39.9285
0.07 39.9029
0.08 39.8734
0.09 39.8401
0.1 39.8029
0.11 39.762
0.12 39.7172
0.13 39.6688
0.14 39.6166
0.15 39.5607
0.16 39.5011
0.17 39.4379
0.18 39.371
0.19 39.3006
0.2 39.2265
0.21 39.1489
0.22 39.0678
0.23 38.9832
0.24 38.8951
0.25 38.8035
0.26 38.7086
0.27 38.6102
0.28 38.5084
0.29 38.4034
0.3 38.295
0.31 38.1833
0.32 38.0683
0.33 37.9501
0.34 37.8288
0.35 37.7042
0.36 37.5765
0.37 37.4457
0.38 37.3117
0.39 37.1748
0.4 37.0347
0.41 36.8917
0.42 36.7457
0.43 36.5968
0.44 36.4449
0.45 36.2902
0.46 36.1326
0.47 35.9722
0.48 35.8089
0.49 35.6429
0.5 35.4742
0.51 35.3028
0.52 35.1287
0.53 34.952
0.54 34.7726
0.55 34.5907
0.56 34.4062
0.57 34.2192
0.58 34.0297
0.59 33.8377
0.6 33.6434
0.61 33.4466
0.62 33.2475
0.63 33.046
0.64 32.8423
0.65 32.6362
0.66 32.428
0.67 32.2175
0.68 32.0049
0.69 31.7901
0.7 31.5733
0.71 31.3543
0.72 31.1333
0.73 30.9103
0.74 30.6854
0.75 30.4584
0.76 30.2296
0.77 29.9989
0.78 29.7664
0.79 29.532
0.8 29.2958
0.81 29.0579
0.82 28.8183
0.83 28.577
0.84 28.3341
0.85 28.0895
0.86 27.8434
0.87 27.5956
0.88 27.3464
0.89 27.0957
0.9 26.8435
0.91 26.5899
0.92 26.3349
0.93 26.0786
0.94 25.8209
0.95 25.5619
0.96 25.3017
0.97 25.0402
0.98 24.7776
0.99 24.5137
1 24.2488
1.01 23.9827
1.02 23.7156
1.03 23.4474
1.04 23.1783
1.05 22.9081
1.06 22.6371
1.07 22.3651
1.08 22.0922
1.09 21.8185
1.1 21.544
1.11 21.2687
1.12 20.9926
1.13 20.7159
1.14 20.4384
1.15 20.1603
1.16 19.8815
1.17 19.6022
1.18 19.3223
1.19 19.0419
1.2 18.7609
1.21 18.4795
1.22 18.1977
1.23 17.9154
1.24 17.6328
1.25 17.3498
1.26 17.0665
1.27 16.7829
1.28 16.499
1.29 16.2149
1.3 15.9306
1.31 15.6461
1.32 15.3615
1.33 15.0768
1.34 14.792
1.35 14.5072
1.36 14.2223
1.37 13.9374
1.38 13.6525
1.39 13.3677
1.4 13.083
1.41 12.7984
1.42 12.514
1.43 12.2297
1.44 11.9456
1.45 11.6618
1.46 11.3782
1.47 11.0949
1.48 10.8119
1.49 10.5292
1.5 10.2469
1.51 9.96493
1.52 9.68341
1.53 9.40234
1.54 9.12172
1.55 8.8416
1.56 8.562
1.57 8.28293
1.58 8.00444
1.59 7.72654
1.6 7.44925
1.61 7.1726
1.62 6.89662
1.63 6.62134
1.64 6.34676
1.65 6.07293
1.66 5.79985
1.67 5.52757
1.68 5.25609
1.69 4.98544
1.7 4.71565
1.71 4.44673
1.72 4.17872
1.73 3.91163
1.74 3.64548
1.75 3.3803
1.76 3.11611
1.77 2.85292
1.78 2.59077
1.79 2.32967
1.8 2.06964
1.81 1.81071
1.82 1.55289
1.83 1.2962
1.84 1.04067
1.85 0.786313
1.86 0.533149
1.87 0.281197
1.88 0.0304773
1.89 -0.218992
1.9 -0.467191
1.91 -0.714102
1.92 -0.959707
1.93 -1.20399
1.94 -1.44693
1.95 -1.6885
1.96 -1.92871
1.97 -2.16751
1.98 -2.40491
1.99 -2.64088
2 -2.8754
2.01 -3.10847
2.02 -3.34005
2.03 -3.57015
2.04 -3.79873
2.05 -4.0258
2.06 -4.25132
2.07 -4.4753
2.08 -4.6977
2.09 -4.91852
2.1 -5.13775
2.11 -5.35536
2.12 -5.57135
2.13 -5.78571
2.14 -5.99841
2.15 -6.20945
2.16 -6.41881
2.17 -6.62649
2.18 -6.83246
2.19 -7.03672
2.2 -7.23925
2.21 -7.44005
2.22 -7.6391
2.23 -7.83638
2.24 -8.0319
2.25 -8.22564
2.26 -8.41758
2.27 -8.60773
2.28 -8.79606
2.29 -8.98257
2.3 -9.16724
2.31 -9.35008
2.32 -9.53107
2.33 -9.7102
2.34 -9.88746
2.35 -10.0628
2.36 -10.2363
2.37 -10.408
2.38 -10.5777
2.39 -10.7455
2.4 -10.9114
2.41 -11.0753
2.42 -11.2374
2.43 -11.3975
2.44 -11.5557
2.45 -11.7119
2.46 -11.8661
2.47 -12.0184
2.48 -12.1688
2.49 -12.3172
2.5 -12.4636
2.51 -12.608
2.52 -12.7504
2.53 -12.8909
2.54 -13.0293
2.55 -13.1658
2.56 -13.3003
2.57 -13.4327
2.58 -13.5632
2.59 -13.6916
2.6 -13.8181
2.61 -13.9425
2.62 -14.0649
2.63 -14.1853
2.64 -14.3036
2.65 -14.42
2.66 -14.5343
2.67 -14.6466
2.68 -14.7569
2.69 -14.8651
2.7 -14.9713
2.71 -15.0755
2.72 -15.1776
2.73 -15.2778
2.74 -15.3758
2.75 -15.4719
2.76 -15.5659
2.77 -15.658
2.78 -15.7479
2.79 -15.8359
2.8 -15.9218
2.81 -16.0057
2.82 -16.0876
2.83 -16.1675
2.84 -16.2454
2.85 -16.3212
2.86 -16.395
2.87 -16.4668
2.88 -16.5367
2.89 -16.6045
2.9 -16.6703
2.91 -16.7341
2.92 -16.7959
2.93 -16.8557
2.94 -16.9136
2.95 -16.9695
2.96 -17.0233
2.97 -17.0753
2.98 -17.1252
2.99 -17.1732
3 -17.2192
3.01 -17.2633
3.02 -17.3054
3.03 -17.3456
3.04 -17.3839
3.05 -17.4202
3.06 -17.4546
3.07 -17.4871
3.08 -17.5176
3.09 -17.5463
3.1 -17.5731
3.11 -17.5979
3.12 -17.6209
3.13 -17.642
3.14 -17.6613
3.15 -17.6786
3.16 -17.6942
3.17 -17.7078
3.18 -17.7197
3.19 -17.7297
3.2 -17.7379
3.21 -17.7442
3.22 -17.7488
3.23 -17.7515
3.24 -17.7525
3.25 -17.7517
3.26 -17.7491
3.27 -17.7448
3.28 -17.7387
3.29 -17.7308
3.3 -17.7213
3.31 -17.71
3.32 -17.6969
3.33 -17.6822
3.34 -17.6658
3.35 -17.6477
3.36 -17.6279
3.37 -17.6065
3.38 -17.5834
3.39 -17.5587
3.4 -17.5323
3.41 -17.5043
3.42 -17.4747
3.43 -17.4435
3.44 -17.4107
3.45 -17.3763
3.46 -17.3404
3.47 -17.3029
3.48 -17.2639
3.49 -17.2233
3.5 -17.1812
3.51 -17.1376
3.52 -17.0926
3.53 -17.046
3.54 -16.9979
3.55 -16.9484
3.56 -16.8975
3.57 -16.8451
3.58 -16.7913
3.59 -16.7361
3.6 -16.6794
3.61 -16.6214
3.62 -16.5621
3.63 -16.5013
3.64 -16.4392
3.65 -16.3758
3.66 -16.3111
3.67 -16.245
3.68 -16.1777
3.69 -16.1091
3.7 -16.0392
3.71 -15.9681
3.72 -15.8957
3.73 -15.8221
3.74 -15.7472
3.75 -15.6712
3.76 -15.594
3.77 -15.5156
3.78 -15.436
3.79 -15.3554
3.8 -15.2735
3.81 -15.1906
3.82 -15.1065
3.83 -15.0214
3.84 -14.9352
3.85 -14.8479
3.86 -14.7596
3.87 -14.6702
3.88 -14.5798
3.89 -14.4884
3.9 -14.396
3.91 -14.3027
3.92 -14.2083
3.93 -14.1131
3.94 -14.0169
3.95 -13.9197
3.96 -13.8217
3.97 -13.7228
3.98 -13.623
3.99 -13.5223
4 -13.4208
4.01 -13.3184
4.02 -13.2152
4.03 -13.1113
4.04 -13.0065
4.05 -12.9009
4.06 -12.7946
4.07 -12.6876
4.08 -12.5798
4.09 -12.4713
4.1 -12.3621
4.11 -12.2521
4.12 -12.1416
4.13 -12.0303
4.14 -11.9184
4.15 -11.8059
4.16 -11.6928
4.17 -11.579
4.18 -11.4647
4.19 -11.3498
4.2 -11.2343
4.21 -11.1183
4.22 -11.0017
4.23 -10.8847
4.24 -10.7671
4.25 -10.649
4.26 -10.5305
4.27 -10.4115
4.28 -10.2921
4.29 -10.1722
4.3 -10.0519
4.31 -9.93122
4.32 -9.81014
4.33 -9.68868
4.34 -9.56686
4.35 -9.44469
4.36 -9.32219
4.37 -9.19937
4.38 -9.07624
4.39 -8.95282
4.4 -8.82912
4.41 -8.70516
4.42 -8.58095
4.43 -8.4565
4.44 -8.33182
4.45 -8.20694
4.46 -8.08186
4.47 -7.9566
4.48 -7.83116
4.49 -7.70558
4.5 -7.57985
4.51 -7.45399
4.52 -7.32801
4.53 -7.20193
4.54 -7.07576
4.55 -6.94951
4.56 -6.82321
4.57 -6.69684
4.58 -6.57045
4.59 -6.44402
4.6 -6.31759
4.61 -6.19115
4.62 -6.06473
4.63 -5.93833
4.64 -5.81198
4.65 -5.68567
4.66 -5.55942
4.67 -5.43325
4.68 -5.30717
4.69 -5.18119
4.7 -5.05532
4.71 -4.92957
4.72 -4.80396
4.73 -4.6785
4.74 -4.5532
4.75 -4.42806
4.76 -4.30311
4.77 -4.17836
4.78 -4.05381
4.79 -3.92948
4.8 -3.80538
4.81 -3.68151
4.82 -3.5579
4.83 -3.43455
4.84 -3.31148
4.85 -3.18869
4.86 -3.06619
4.87 -2.944
4.88 -2.82213
4.89 -2.70058
4.9 -2.57937
4.91 -2.45851
4.92 -2.33801
4.93 -2.21788
4.94 -2.09812
4.95 -1.97876
4.96 -1.85979
4.97 -1.74124
4.98 -1.6231
4.99 -1.50539
5 -1.38812
5.01 -1.27129
5.02 -1.15493
5.03 -1.03903
5.04 -0.923601
5.05 -0.808661
5.06 -0.694215
5.07 -0.580272
5.08 -0.466841
5.09 -0.353931
5.1 -0.24155
5.11 -0.129707
5.12 -0.0184099
5.13 0.0923321
5.14 0.202511
5.15 0.312119
5.16 0.421147
5.17 0.529588
5.18 0.637433
5.19 0.744676
5.2 0.851307
5.21 0.95732
5.22 1.06271
5.23 1.16746
5.24 1.27157
5.25 1.37504
5.26 1.47785
5.27 1.58
5.28 1.68148
5.29 1.78228
5.3 1.8824
5.31 1.98183
5.32 2.08057
5.33 2.17861
5.34 2.27593
5.35 2.37254
5.36 2.46844
5.37 2.5636
5.38 2.65803
5.39 2.75173
5.4 2.84468
5.41 2.93688
5.42 3.02833
5.43 3.11901
5.44 3.20893
5.45 3.29808
5.46 3.38646
5.47 3.47405
5.48 3.56086
5.49 3.64688
5.5 3.7321
5.51 3.81652
5.52 3.90014
5.53 3.98295
5.54 4.06495
5.55 4.14613
5.56 4.22649
5.57 4.30603
5.58 4.38474
5.59 4.46261
5.6 4.53965
5.61 4.61585
5.62 4.69121
5.63 4.76572
5.64 4.83938
5.65 4.91219
5.66 4.98415
5.67 5.05524
5.68 5.12548
5.69 5.19485
5.7 5.26335
5.71 5.33098
5.72 5.39775
5.73 5.46364
5.74 5.52865
5.75 5.59279
5.76 5.65604
5.77 5.71841
5.78 5.7799
5.79 5.84051
5.8 5.90022
5.81 5.95905
5.82 6.01699
5.83 6.07403
5.84 6.13018
5.85 6.18544
5.86 6.23981
5.87 6.29327
5.88 6.34584
5.89 6.39752
5.9 6.44829
5.91 6.49817
5.92 6.54714
5.93 6.59522
5.94 6.6424
5.95 6.68867
5.96 6.73405
5.97 6.77852
5.98 6.8221
5.99 6.86477
6 6.90655
6.01 6.94742
6.02 6.9874
6.03 7.02647
6.04 7.06465
6.05 7.10193
6.06 7.13831
6.07 7.1738
6.08 7.20839
6.09 7.24209
6.1 7.2749
6.11 7.30681
6.12 7.33783
6.13 7.36797
6.14 7.39721
6.15 7.42558
6.16 7.45305
6.17 7.47964
6.18 7.50536
6.19 7.53019
6.2 7.55414
6.21 7.57722
6.22 7.59943
6.23 7.62076
6.24 7.64123
6.25 7.66083
6.26 7.67956
6.27 7.69744
6.28 7.71445
6.29 7.73061
6.3 7.74591
6.31 7.76036
6.32 7.77397
6.33 7.78672
6.34 7.79864
6.35 7.80971
6.36 7.81995
6.37 7.82936
6.38 7.83793
6.39 7.84568
6.4 7.85261
6.41 7.85871
6.42 7.864
6.43 7.86848
6.44 7.87214
6.45 7.875
6.46 7.87706
6.47 7.87832
6.48 7.87878
6.49 7.87846
6.5 7.87735
6.51 7.87545
6.52 7.87278
6.53 7.86934
6.54 7.86512
6.55 7.86014
6.56 7.85439
6.57 7.84789
6.58 7.84064
6.59 7.83264
6.6 7.8239
6.61 7.81442
6.62 7.8042
6.63 7.79325
6.64 7.78158
6.65 7.76919
6.66 7.75608
6.67 7.74227
6.68 7.72774
6.69 7.71252
6.7 7.69661
6.71 7.68
6.72 7.6627
6.73 7.64473
6.74 7.62608
6.75 7.60677
6.76 7.58679
6.77 7.56614
6.78 7.54485
6.79 7.52291
6.8 7.50032
6.81 7.4771
6.82 7.45325
6.83 7.42877
6.84 7.40367
6.85 7.37795
6.86 7.35163
6.87 7.3247
6.88 7.29717
6.89 7.26905
6.9 7.24035
6.91 7.21106
6.92 7.1812
6.93 7.15077
6.94 7.11978
6.95 7.08823
6.96 7.05612
6.97 7.02348
6.98 6.99029
6.99 6.95657
7 6.92233
7.01 6.88756
7.02 6.85228
7.03 6.81649
7.04 6.78019
7.05 6.7434
7.06 6.70612
7.07 6.66835
7.08 6.63011
7.09 6.59139
7.1 6.55221
7.11 6.51257
7.12 6.47248
7.13 6.43194
7.14 6.39096
7.15 6.34954
7.16 6.3077
7.17 6.26543
7.18 6.22275
7.19 6.17966
7.2 6.13617
7.21 6.09228
7.22 6.048
7.23 6.00334
7.24 5.9583
7.25 5.91289
7.26 5.86712
7.27 5.82098
7.28 5.7745
7.29 5.72767
7.3 5.6805
7.31 5.633
7.32 5.58518
7.33 5.53703
7.34 5.48858
7.35 5.43981
7.36 5.39075
7.37 5.34139
7.38 5.29174
7.39 5.24181
7.4 5.19161
7.41 5.14114
7.42 5.09041
7.43 5.03942
7.44 4.98819
7.45 4.93671
7.46 4.88499
7.47 4.83305
7.48 4.78088
7.49 4.72849
7.5 4.67589
7.51 4.62309
7.52 4.57009
7.53 4.5169
7.54 4.46352
7.55 4.40996
7.56 4.35623
7.57 4.30233
7.58 4.24828
7.59 4.19406
7.6 4.1397
7.61 4.0852
7.62 4.03056
7.63 3.97579
7.64 3.92089
7.65 3.86588
7.66 3.81076
7.67 3.75553
7.68 3.7002
7.69 3.64478
7.7 3.58928
7.71 3.53369
7.72 3.47802
7.73 3.42229
7.74 3.36649
7.75 3.31063
7.76 3.25472
7.77 3.19877
7.78 3.14278
7.79 3.08675
7.8 3.03069
7.81 2.97461
7.82 2.91852
7.83 2.86241
7.84 2.80629
7.85 2.75018
7.86 2.69407
7.87 2.63798
7.88 2.58189
7.89 2.52584
7.9 2.46981
7.91 2.41381
7.92 2.35785
7.93 2.30194
7.94 2.24607
7.95 2.19026
7.96 2.13451
7.97 2.07883
7.98 2.02321
7.99 1.96767
8 1.91221
8.01 1.85684
8.02 1.80156
8.03 1.74638
8.04 1.6913
8.05 1.63632
8.06 1.58145
8.07 1.5267
8.08 1.47208
8.09 1.41757
8.1 1.3632
8.11 1.30897
8.12 1.25487
8.13 1.20092
8.14 1.14712
8.15 1.09348
8.16 1.03999
8.17 0.986664
8.18 0.933508
8.19 0.880525
8.2 0.827719
8.21 0.775093
8.22 0.722654
8.23 0.670404
8.24 0.618349
8.25 0.566492
8.26 0.514838
8.27 0.463391
8.28 0.412155
8.29 0.361134
8.3 0.310331
8.31 0.259752
8.32 0.2094
8.33 0.159279
8.34 0.109392
8.35 0.0597442
8.36 0.0103385
8.37 -0.0388211
8.38 -0.087731
8.39 -0.136388
8.4 -0.184787
8.41 -0.232926
8.42 -0.280801
8.43 -0.328408
8.44 -0.375745
8.45 -0.422807
8.46 -0.469591
8.47 -0.516095
8.48 -0.562314
8.49 -0.608246
8.5 -0.653887
8.51 -0.699235
8.52 -0.744286
8.53 -0.789037
8.54 -0.833485
8.55 -0.877628
8.56 -0.921462
8.57 -0.964985
8.58 -1.00819
8.59 -1.05109
8.6 -1.09366
8.61 -1.13591
8.62 -1.17783
8.63 -1.21943
8.64 -1.2607
8.65 -1.30163
8.66 -1.34223
8.67 -1.38249
8.68 -1.42242
8.69 -1.462
8.7 -1.50123
8.71 -1.54012
8.72 -1.57867
8.73 -1.61686
8.74 -1.6547
8.75 -1.69218
8.76 -1.72931
8.77 -1.76608
8.78 -1.80248
8.79 -1.83853
8.8 -1.87421
8.81 -1.90952
8.82 -1.94447
8.83 -1.97905
8.84 -2.01326
8.85 -2.04709
8.86 -2.08055
8.87 -2.11364
8.88 -2.14635
8.89 -2.17868
8.9 -2.21063
8.91 -2.2422
8.92 -2.27339
8.93 -2.30419
8.94 -2.33461
8.95 -2.36465
8.96 -2.39429
8.97 -2.42355
8.98 -2.45242
8.99 -2.48091
9 -2.509
9.01 -2.53669
9.02 -2.564
9.03 -2.59092
9.04 -2.61744
9.05 -2.64356
9.06 -2.66929
9.07 -2.69463
9.08 -2.71957
9.09 -2.74411
9.1 -2.76825
9.11 -2.792
9.12 -2.81535
9.13 -2.8383
9.14 -2.86085
9.15 -2.883
9.16 -2.90476
9.17 -2.92611
9.18 -2.94707
9.19 -2.96762
9.2 -2.98778
9.21 -3.00753
9.22 -3.02689
9.23 -3.04585
9.24 -3.06441
9.25 -3.08256
9.26 -3.10032
9.27 -3.11768
9.28 -3.13464
9.29 -3.15121
9.3 -3.16737
9.31 -3.18314
9.32 -3.19851
9.33 -3.21348
9.34 -3.22806
9.35 -3.24224
9.36 -3.25603
9.37 -3.26942
9.38 -3.28241
9.39 -3.29502
9.4 -3.30723
9.41 -3.31905
9.42 -3.33048
9.43 -3.34152
9.44 -3.35216
9.45 -3.36242
9.46 -3.3723
9.47 -3.38178
9.48 -3.39088
9.49 -3.3996
9.5 -3.40793
9.51 -3.41588
9.52 -3.42345
9.53 -3.43063
9.54 -3.43744
9.55 -3.44387
9.56 -3.44993
9.57 -3.45561
9.58 -3.46091
9.59 -3.46584
9.6 -3.4704
9.61 -3.47459
9.62 -3.47841
9.63 -3.48187
9.64 -3.48496
9.65 -3.48768
9.66 -3.49005
9.67 -3.49205
9.68 -3.49369
9.69 -3.49498
9.7 -3.49591
9.71 -3.49648
9.72 -3.4967
9.73 -3.49657
9.74 -3.4961
9.75 -3.49527
9.76 -3.4941
9.77 -3.49259
9.78 -3.49073
9.79 -3.48853
9.8 -3.486
9.81 -3.48313
9.82 -3.47992
9.83 -3.47639
9.84 -3.47252
9.85 -3.46833
9.86 -3.46381
9.87 -3.45896
9.88 -3.4538
9.89 -3.44831
9.9 -3.44251
9.91 -3.43639
9.92 -3.42996
9.93 -3.42322
9.94 -3.41617
9.95 -3.40881
9.96 -3.40115
9.97 -3.39319
9.98 -3.38492
9.99 -3.37636
10 -3.36751
10.01 -3.35836
10.02 -3.34892
10.03 -3.3392
10.04 -3.32919
10.05 -3.31889
10.06 -3.30832
10.07 -3.29746
10.08 -3.28634
10.09 -3.27494
10.1 -3.26326
10.11 -3.25132
10.12 -3.23912
10.13 -3.22665
10.14 -3.21392
10.15 -3.20094
10.16 -3.1877
10.17 -3.1742
10.18 -3.16046
10.19 -3.14647
10.2 -3.13223
10.21 -3.11775
10.22 -3.10303
10.23 -3.08808
10.24 -3.07289
10.25 -3.05747
10.26 -3.04182
10.27 -3.02595
10.28 -3.00985
10.29 -2.99353
10.3 -2.97699
10.31 -2.96024
10.32 -2.94328
10.33 -2.9261
10.34 -2.90872
10.35 -2.89114
10.36 -2.87335
10.37 -2.85537
10.38 -2.83719
10.39 -2.81882
10.4 -2.80026
10.41 -2.78151
10.42 -2.76257
10.43 -2.74346
10.44 -2.72416
10.45 -2.70469
10.46 -2.68505
10.47 -2.66523
10.48 -2.64525
10.49 -2.62511
10.5 -2.6048
10.51 -2.58433
10.52 -2.56371
10.53 -2.54293
10.54 -2.522
10.55 -2.50093
10.56 -2.47971
10.57 -2.45835
10.58 -2.43685
10.59 -2.41521
10.6 -2.39344
10.61 -2.37154
10.62 -2.34951
10.63 -2.32736
10.64 -2.30509
10.65 -2.28269
10.66 -2.26018
10.67 -2.23756
10.68 -2.21482
10.69 -2.19198
10.7 -2.16903
10.71 -2.14598
10.72 -2.12283
10.73 -2.09959
10.74 -2.07625
10.75 -2.05282
10.76 -2.0293
10.77 -2.0057
10.78 -1.98201
10.79 -1.95824
10.8 -1.9344
10.81 -1.91048
10.82 -1.8865
10.83 -1.86244
10.84 -1.83831
10.85 -1.81413
10.86 -1.78988
10.87 -1.76558
10.88 -1.74122
10.89 -1.7168
10.9 -1.69234
10.91 -1.66783
10.92 -1.64328
10.93 -1.61868
10.94 -1.59405
10.95 -1.56938
10.96 -1.54468
10.97 -1.51994
10.98 -1.49518
10.99 -1.47039
11 -1.44558
11.01 -1.42075
11.02 -1.3959
11.03 -1.37103
11.04 -1.34615
11.05 -1.32127
11.06 -1.29637
11.07 -1.27147
11.08 -1.24656
11.09 -1.22166
11.1 -1.19676
11.11 -1.17186
11.12 -1.14697
11.13 -1.12209
11.14 -1.09723
11.15 -1.07237
11.16 -1.04754
11.17 -1.02272
11.18 -0.997925
11.19 -0.973155
11.2 -0.948411
11.21 -0.923696
11.22 -0.899012
11.23 -0.874362
11.24 -0.849747
11.25 -0.825171
11.26 -0.800635
11.27 -0.776141
11.28 -0.751693
11.29 -0.727291
11.3 -0.702939
11.31 -0.678639
11.32 -0.654392
11.33 -0.630201
11.34 -0.606067
11.35 -0.581994
11.36 -0.557983
11.37 -0.534036
11.38 -0.510156
11.39 -0.486344
11.4 -0.462603
11.41 -0.438934
11.42 -0.415339
11.43 -0.391821
11.44 -0.368381
11.45 -0.345022
11.46 -0.321745
11.47 -0.298552
11.48 -0.275446
11.49 -0.252427
11.5 -0.229498
11.51 -0.206661
11.52 -0.183918
11.53 -0.16127
11.54 -0.138719
11.55 -0.116267
11.56 -0.0939154
11.57 -0.0716664
11.58 -0.0495215
11.59 -0.0274823
11.6 -0.00555071
11.61 0.0162718
11.62 0.0379835
11.63 0.0595829
11.64 0.0810682
11.65 0.102438
11.66 0.123691
11.67 0.144825
11.68 0.165839
11.69 0.186731
11.7 0.2075
11.71 0.228144
11.72 0.248662
11.73 0.269053
11.74 0.289315
11.75 0.309447
11.76 0.329447
11.77 0.349314
11.78 0.369046
11.79 0.388643
11.8 0.408104
11.81 0.427426
11.82 0.446608
11.83 0.465651
11.84 0.484551
11.85 0.503308
11.86 0.521921
11.87 0.540389
11.88 0.55871
11.89 0.576884
11.9 0.59491
11.91 0.612785
11.92 0.63051
11.93 0.648083
11.94 0.665504
11.95 0.682771
11.96 0.699883
11.97 0.71684
11.98 0.73364
11.99 0.750282
12 0.766767
12.01 0.783092
12.02 0.799257
12.03 0.815262
12.04 0.831105
12.05 0.846785
12.06 0.862303
12.07 0.877656
12.08 0.892845
12.09 0.907869
12.1 0.922727
12.11 0.937418
12.12 0.951942
12.13 0.966298
12.14 0.980485
12.15 0.994504
12.16 1.00835
12.17 1.02203
12.18 1.03554
12.19 1.04888
12.2 1.06204
12.21 1.07504
12.22 1.08786
12.23 1.1005
12.24 1.11298
12.25 1.12528
12.26 1.13741
12.27 1.14936
12.28 1.16114
12.29 1.17274
12.3 1.18417
12.31 1.19542
12.32 1.20649
12.33 1.21739
12.34 1.22812
12.35 1.23866
12.36 1.24903
12.37 1.25923
12.38 1.26925
12.39 1.27908
12.4 1.28875
12.41 1.29823
12.42 1.30754
12.43 1.31667
12.44 1.32562
12.45 1.3344
12.46 1.343
12.47 1.35142
12.48 1.35966
12.49 1.36773
12.5 1.37562
12.51 1.38333
12.52 1.39087
12.53 1.39823
12.54 1.40541
12.55 1.41241
12.56 1.41924
12.57 1.4259
12.58 1.43237
12.59 1.43867
12.6 1.4448
12.61 1.45075
12.62 1.45653
12.63 1.46213
12.64 1.46756
12.65 1.47281
12.66 1.47789
12.67 1.4828
12.68 1.48753
12.69 1.49209
12.7 1.49648
12.71 1.5007
12.72 1.50474
12.73 1.50862
12.74 1.51232
12.75 1.51586
12.76 1.51922
12.77 1.52242
12.78 1.52545
12.79 1.52831
12.8 1.53101
12.81 1.53353
12.82 1.5359
12.83 1.53809
12.84 1.54012
12.85 1.54199
12.86 1.54369
12.87 1.54523
12.88 1.54661
12.89 1.54783
12.9 1.54888
12.91 1.54978
12.92 1.55052
12.93 1.55109
12.94 1.55151
12.95 1.55177
12.96 1.55188
12.97 1.55183
12.98 1.55162
12.99 1.55126
13 1.55075
13.01 1.55009
13.02 1.54927
13.03 1.5483
13.04 1.54718
13.05 1.54592
13.06 1.5445
13.07 1.54294
13.08 1.54123
13.09 1.53937
13.1 1.53737
13.11 1.53523
13.12 1.53294
13.13 1.53052
13.14 1.52795
13.15 1.52524
13.16 1.52239
13.17 1.5194
13.18 1.51628
13.19 1.51302
13.2 1.50963
13.21 1.5061
13.22 1.50244
13.23 1.49864
13.24 1.49472
13.25 1.49066
13.26 1.48648
13.27 1.48217
13.28 1.47773
13.29 1.47317
13.3 1.46848
13.31 1.46367
13.32 1.45874
13.33 1.45368
13.34 1.44851
13.35 1.44321
13.36 1.4378
13.37 1.43227
13.38 1.42663
13.39 1.42087
13.4 1.415
13.41 1.40902
13.42 1.40292
13.43 1.39672
13.44 1.3904
13.45 1.38398
13.46 1.37745
13.47 1.37082
13.48 1.36409
13.49 1.35725
13.5 1.35031
13.51 1.34327
13.52 1.33612
13.53 1.32889
13.54 1.32155
13.55 1.31412
13.56 1.3066
13.57 1.29898
13.58 1.29127
13.59 1.28347
13.6 1.27558
13.61 1.2676
13.62 1.25954
13.63 1.25139
13.64 1.24315
13.65 1.23484
13.66 1.22644
13.67 1.21796
13.68 1.2094
13.69 1.20076
13.7 1.19204
13.71 1.18325
13.72 1.17439
13.73 1.16545
13.74 1.15644
13.75 1.14736
13.76 1.13821
13.77 1.12899
13.78 1.11971
13.79 1.11036
13.8 1.10094
13.81 1.09146
13.82 1.08193
13.83 1.07233
13.84 1.06267
13.85 1.05295
13.86 1.04318
13.87 1.03335
13.88 1.02346
13.89 1.01353
13.9 1.00354
13.91 0.993499
13.92 0.983411
13.93 0.973276
13.94 0.963093
13.95 0.952866
13.96 0.942594
13.97 0.932279
13.98 0.921922
13.99 0.911526
14 0.90109
14.01 0.890616
14.02 0.880105
14.03 0.869559
14.04 0.858978
14.05 0.848365
14.06 0.83772
14.07 0.827044
14.08 0.816339
14.09 0.805606
14.1 0.794846
14.11 0.78406
14.12 0.77325
14.13 0.762416
14.14 0.75156
14.15 0.740684
14.16 0.729788
14.17 0.718873
14.18 0.707941
14.19 0.696993
14.2 0.68603
14.21 0.675053
14.22 0.664063
14.23 0.653062
14.24 0.642051
14.25 0.631031
14.26 0.620002
14.27 0.608967
14.28 0.597926
14.29 0.58688
14.3 0.575831
14.31 0.56478
14.32 0.553727
14.33 0.542675
14.34 0.531623
14.35 0.520573
14.36 0.509527
14.37 0.498485
14.38 0.487448
14.39 0.476417
14.4 0.465395
14.41 0.45438
14.42 0.443376
14.43 0.432382
14.44 0.4214
14.45 0.41043
14.46 0.399474
14.47 0.388534
14.48 0.377609
14.49 0.366701
14.5 0.35581
14.51 0.344939
14.52 0.334088
14.53 0.323257
14.54 0.312448
14.55 0.301662
14.56 0.2909
14.57 0.280163
14.58 0.269451
14.59 0.258766
14.6 0.248108
14.61 0.237479
14.62 0.226879
14.63 0.21631
14.64 0.205772
14.65 0.195266
14.66 0.184793
14.67 0.174354
14.68 0.163949
14.69 0.15358
14.7 0.143248
14.71 0.132953
14.72 0.122697
14.73 0.112479
14.74 0.102301
14.75 0.092164
14.76 0.0820683
14.77 0.0720149
14.78 0.0620046
14.79 0.0520381
14.8 0.0421163
14.81 0.0322399
14.82 0.0224096
14.83 0.0126263
14.84 0.00289068
14.85 -0.00679657
14.86 -0.0164347
14.87 -0.026023
14.88 -0.0355607
14.89 -0.0450471
14.9 -0.0544816
14.91 -0.0638635
14.92 -0.0731921
14.93 -0.0824667
14.94 -0.0916866
14.95 -0.100851
14.96 -0.10996
14.97 -0.119012
14.98 -0.128007
14.99 -0.136944
15 -0.145823
15.01 -0.154643
15.02 -0.163403
15.03 -0.172104
15.04 -0.180743
15.05 -0.189321
15.06 -0.197837
15.07 -0.206291
15.08 -0.214682
15.09 -0.22301
15.1 -0.231273
15.11 -0.239472
15.12 -0.247606
15.13 -0.255675
15.14 -0.263678
15.15 -0.271614
15.16 -0.279484
15.17 -0.287286
15.18 -0.29502
15.19 -0.302687
15.2 -0.310284
15.21 -0.317813
15.22 -0.325272
15.23 -0.332661
15.24 -0.33998
15.25 -0.347229
15.26 -0.354406
15.27 -0.361512
15.28 -0.368547
15.29 -0.375509
15.3 -0.382399
15.31 -0.389217
15.32 -0.395961
15.33 -0.402632
15.34 -0.409229
15.35 -0.415753
15.36 -0.422202
15.37 -0.428576
15.38 -0.434876
15.39 -0.441101
15.4 -0.447251
15.41 -0.453325
15.42 -0.459324
15.43 -0.465246
15.44 -0.471092
15.45 -0.476862
15.46 -0.482556
15.47 -0.488173
15.48 -0.493712
15.49 -0.499175
15.5 -0.50456
15.51 -0.509868
15.52 -0.515099
15.53 -0.520252
15.54 -0.525327
15.55 -0.530324
15.56 -0.535243
15.57 -0.540084
15.58 -0.544846
15.59 -0.549531
15.6 -0.554137
15.61 -0.558664
15.62 -0.563113
15.63 -0.567484
15.64 -0.571775
15.65 -0.575988
15.66 -0.580123
15.67 -0.584179
15.68 -0.588156
15.69 -0.592054
15.7 -0.595873
15.71 -0.599614
15.72 -0.603276
15.73 -0.60686
15.74 -0.610365
15.75 -0.613791
15.76 -0.617139
15.77 -0.620408
15.78 -0.623599
15.79 -0.626712
15.8 -0.629746
15.81 -0.632702
15.82 -0.63558
15.83 -0.63838
15.84 -0.641103
15.85 -0.643747
15.86 -0.646314
15.87 -0.648803
15.88 -0.651215
15.89 -0.65355
15.9 -0.655808
15.91 -0.657989
15.92 -0.660093
15.93 -0.662121
15.94 -0.664072
15.95 -0.665947
15.96 -0.667746
15.97 -0.66947
15.98 -0.671117
15.99 -0.67269
16 -0.674187
16.01 -0.675609
16.02 -0.676957
16.03 -0.67823
16.04 -0.679429
16.05 -0.680554
16.06 -0.681605
16.07 -0.682583
16.08 -0.683488
16.09 -0.68432
16.1 -0.685079
16.11 -0.685766
16.12 -0.686381
16.13 -0.686924
16.14 -0.687395
16.15 -0.687796
16.16 -0.688126
16.17 -0.688385
16.18 -0.688574
16.19 -0.688693
16.2 -0.688743
16.21 -0.688724
16.22 -0.688636
16.23 -0.688479
16.24 -0.688255
16.25 -0.687962
16.26 -0.687603
16.27 -0.687176
16.28 -0.686683
16.29 -0.686123
16.3 -0.685498
16.31 -0.684807
16.32 -0.684051
16.33 -0.683231
16.34 -0.682346
16.35 -0.681398
16.36 -0.680386
16.37 -0.679311
16.38 -0.678173
16.39 -0.676974
16.4 -0.675712
16.41 -0.67439
16.42 -0.673006
16.43 -0.671562
16.44 -0.670058
16.45 -0.668495
16.46 -0.666873
16.47 -0.665192
16.48 -0.663453
16.49 -0.661656
16.5 -0.659802
16.51 -0.657891
16.52 -0.655924
16.53 -0.653902
16.54 -0.651824
16.55 -0.649691
16.56 -0.647504
16.57 -0.645263
16.58 -0.642968
16.59 -0.640621
16.6 -0.638222
16.61 -0.635771
16.62 -0.633268
16.63 -0.630715
16.64 -0.628111
16.65 -0.625457
16.66 -0.622754
16.67 -0.620003
16.68 -0.617203
16.69 -0.614355
16.7 -0.61146
16.71 -0.608519
16.72 -0.605531
16.73 -0.602498
16.74 -0.599419
16.75 -0.596296
16.76 -0.59313
16.77 -0.589919
16.78 -0.586666
16.79 -0.58337
16.8 -0.580032
16.81 -0.576653
16.82 -0.573233
16.83 -0.569773
16.84 -0.566274
16.85 -0.562735
16.86 -0.559157
16.87 -0.555542
16.88 -0.551889
16.89 -0.548199
16.9 -0.544473
16.91 -0.54071
16.92 -0.536913
16.93 -0.533081
16.94 -0.529215
16.95 -0.525315
16.96 -0.521382
16.97 -0.517417
16.98 -0.513419
16.99 -0.509391
17 -0.505331
17.01 -0.501241
17.02 -0.497122
17.03 -0.492974
17.04 -0.488796
17.05 -0.484591
17.06 -0.480359
17.07 -0.4761
17.08 -0.471814
17.09 -0.467502
17.1 -0.463166
17.11 -0.458804
17.12 -0.454419
17.13 -0.45001
17.14 -0.445578
17.15 -0.441124
17.16 -0.436648
17.17 -0.43215
17.18 -0.427632
17.19 -0.423094
17.2 -0.418536
17.21 -0.413959
17.22 -0.409363
17.23 -0.40475
17.24 -0.400119
17.25 -0.395471
17.26 -0.390807
17.27 -0.386127
17.28 -0.381432
17.29 -0.376723
17.3 -0.371999
17.31 -0.367261
17.32 -0.362511
17.33 -0.357748
17.34 -0.352973
17.35 -0.348187
17.36 -0.343389
17.37 -0.338582
17.38 -0.333764
17.39 -0.328937
17.4 -0.324102
17.41 -0.319258
17.42 -0.314407
17.43 -0.309548
17.44 -0.304683
17.45 -0.299811
17.46 -0.294934
17.47 -0.290052
17.48 -0.285166
17.49 -0.280275
17.5 -0.27538
17.51 -0.270483
17.52 -0.265583
17.53 -0.260681
17.54 -0.255777
17.55 -0.250872
17.56 -0.245967
17.57 -0.241062
17.58 -0.236157
17.59 -0.231253
17.6 -0.22635
17.61 -0.221449
17.62 -0.216551
17.63 -0.211655
17.64 -0.206763
17.65 -0.201875
17.66 -0.196991
17.67 -0.192111
17.68 -0.187237
17.69 -0.182368
17.7 -0.177506
17.71 -0.17265
17.72 -0.167801
17.73 -0.162959
17.74 -0.158126
17.75 -0.1533
17.76 -0.148484
17.77 -0.143677
17.78 -0.138879
17.79 -0.134092
17.8 -0.129315
17.81 -0.124549
17.82 -0.119795
17.83 -0.115052
17.84 -0.110321
17.85 -0.105603
17.86 -0.100899
17.87 -0.0962072
17.88 -0.0915296
17.89 -0.0868662
17.9 -0.0822175
17.91 -0.0775838
17.92 -0.0729656
17.93 -0.0683631
17.94 -0.0637768
17.95 -0.059207
17.96 -0.0546542
17.97 -0.0501187
17.98 -0.0456009
17.99 -0.0411011
18 -0.0366197
18.01 -0.032157
18.02 -0.0277135
18.03 -0.0232894
18.04 -0.018885
18.05 -0.0145009
18.06 -0.0101372
18.07 -0.0057943
18.08 -0.00147256
18.09 0.00282772
18.1 0.0071062
18.11 0.0113626
18.12 0.0155965
18.13 0.0198077
18.14 0.0239959
18.15 0.0281608
18.16 0.0323019
18.17 0.0364192
18.18 0.0405122
18.19 0.0445807
18.2 0.0486243
18.21 0.0526429
18.22 0.0566362
18.23 0.0606037
18.24 0.0645454
18.25 0.0684609
18.26 0.07235
18.27 0.0762124
18.28 0.0800479
18.29 0.0838561
18.3 0.087637
18.31 0.0913901
18.32 0.0951154
18.33 0.0988125
18.34 0.102481
18.35 0.106121
18.36 0.109733
18.37 0.113315
18.38 0.116868
18.39 0.120391
18.4 0.123885
18.41 0.127349
18.42 0.130783
18.43 0.134187
18.44 0.13756
18.45 0.140903
18.46 0.144215
18.47 0.147496
18.48 0.150745
18.49 0.153964
18.5 0.157151
18.51 0.160306
18.52 0.163429
18.53 0.166521
18.54 0.16958
18.55 0.172607
18.56 0.175601
18.57 0.178564
18.58 0.181493
18.59 0.18439
18.6 0.187253
18.61 0.190084
18.62 0.192881
18.63 0.195645
18.64 0.198376
18.65 0.201074
18.66 0.203737
18.67 0.206367
18.68 0.208963
18.69 0.211526
18.7 0.214054
18.71 0.216548
18.72 0.219008
18.73 0.221434
18.74 0.223826
18.75 0.226183
18.76 0.228506
18.77 0.230794
18.78 0.233048
18.79 0.235268
18.8 0.237452
18.81 0.239602
18.82 0.241717
18.83 0.243798
18.84 0.245844
18.85 0.247855
18.86 0.249831
18.87 0.251772
18.88 0.253678
18.89 0.255549
18.9 0.257386
18.91 0.259187
18.92 0.260954
18.93 0.262686
18.94 0.264382
18.95 0.266044
18.96 0.267671
18.97 0.269263
18.98 0.27082
18.99 0.272342
19 0.273829
19.01 0.275282
19.02 0.2767
19.03 0.278083
19.04 0.279431
19.05 0.280744
19.06 0.282023
19.07 0.283267
19.08 0.284477
19.09 0.285652
19.1 0.286793
19.11 0.287899
19.12 0.288971
19.13 0.290009
19.14 0.291013
19.15 0.291982
19.16 0.292917
19.17 0.293819
19.18 0.294686
19.19 0.29552
19.2 0.29632
19.21 0.297086
19.22 0.297819
19.23 0.298518
19.24 0.299184
19.25 0.299817
19.26 0.300416
19.27 0.300983
19.28 0.301516
19.29 0.302017
19.3 0.302485
19.31 0.302921
19.32 0.303324
19.33 0.303694
19.34 0.304033
19.35 0.304339
19.36 0.304613
19.37 0.304855
19.38 0.305066
19.39 0.305245
19.4 0.305393
19.41 0.30551
19.42 0.305595
19.43 0.305649
19.44 0.305673
19.45 0.305665
19.46 0.305628
19.47 0.305559
19.48 0.305461
19.49 0.305333
19.5 0.305174
19.51 0.304986
19.52 0.304769
19.53 0.304522
19.54 0.304245
19.55 0.30394
19.56 0.303606
19.57 0.303243
19.58 0.302852
19.59 0.302432
19.6 0.301984
19.61 0.301508
19.62 0.301005
19.63 0.300473
19.64 0.299915
19.65 0.299329
19.66 0.298716
19.67 0.298077
19.68 0.29741
19.69 0.296718
19.7 0.295999
19.71 0.295254
19.72 0.294483
19.73 0.293687
19.74 0.292865
19.75 0.292018
19.76 0.291146
19.77 0.29025
19.78 0.289329
19.79 0.288383
19.8 0.287414
19.81 0.28642
19.82 0.285403
19.83 0.284362
19.84 0.283298
19.85 0.282211
19.86 0.281102
19.87 0.279969
19.88 0.278815
19.89 0.277638
19.9 0.276439
19.91 0.275219
19.92 0.273978
19.93 0.272715
19.94 0.271431
19.95 0.270126
19.96 0.268801
19.97 0.267456
19.98 0.26609
19.99 0.264705
20 0.263301
20.01 0.261877
20.02 0.260434
20.03 0.258972
20.04 0.257491
20.05 0.255992
20.06 0.254475
20.07 0.25294
20.08 0.251388
20.09 0.249818
20.1 0.248231
20.11 0.246627
20.12 0.245007
20.13 0.24337
20.14 0.241717
20.15 0.240048
20.16 0.238363
20.17 0.236663
20.18 0.234948
20.19 0.233218
20.2 0.231473
20.21 0.229714
20.22 0.22794
20.23 0.226153
20.24 0.224352
20.25 0.222537
20.26 0.22071
20.27 0.218869
20.28 0.217016
20.29 0.21515
20.3 0.213272
20.31 0.211382
20.32 0.209481
20.33 0.207568
20.34 0.205644
20.35 0.203709
20.36 0.201763
20.37 0.199806
20.38 0.19784
20.39 0.195864
20.4 0.193877
20.41 0.191882
20.42 0.189877
20.43 0.187863
20.44 0.185841
20.45 0.18381
20.46 0.181771
20.47 0.179723
20.48 0.177668
20.49 0.175606
20.5 0.173536
20.51 0.17146
20.52 0.169376
20.53 0.167286
20.54 0.16519
20.55 0.163088
20.56 0.16098
20.57 0.158866
20.58 0.156747
20.59 0.154623
20.6 0.152494
20.61 0.150361
20.62 0.148223
20.63 0.146081
20.64 0.143935
20.65 0.141785
20.66 0.139633
20.67 0.137476
20.68 0.135317
20.69 0.133155
20.7 0.130991
20.71 0.128824
20.72 0.126656
20.73 0.124485
20.74 0.122313
20.75 0.120139
20.76 0.117965
20.77 0.115789
20.78 0.113613
20.79 0.111436
20.8 0.109259
20.81 0.107082
20.82 0.104905
20.83 0.102729
20.84 0.100553
20.85 0.0983777
20.86 0.0962037
20.87 0.0940309
20.88 0.0918596
20.89 0.08969
20.9 0.0875222
20.91 0.0853565
20.92 0.0831932
20.93 0.0810323
20.94 0.0788741
20.95 0.0767188
20.96 0.0745667
20.97 0.0724178
20.98 0.0702725
20.99 0.0681308
21 0.0659931
21.01 0.0638594
21.02 0.06173
21.03 0.0596051
21.04 0.0574848
21.05 0.0553695
21.06 0.0532591
21.07 0.051154
21.08 0.0490543
21.09 0.0469602
21.1 0.0448718
21.11 0.0427894
21.12 0.0407132
21.13 0.0386433
21.14 0.0365798
21.15 0.034523
21.16 0.0324731
21.17 0.0304301
21.18 0.0283943
21.19 0.0263659
21.2 0.024345
21.21 0.0223317
21.22 0.0203263
21.23 0.0183289
21.24 0.0163396
21.25 0.0143586
21.26 0.0123862
21.27 0.0104223
21.28 0.00846723
21.29 0.00652108
21.3 0.00458402
21.31 0.00265618
21.32 0.000737724
21.33 -0.00117122
21.34 -0.00307049
21.35 -0.00495996
21.36 -0.00683948
21.37 -0.00870892
21.38 -0.0105681
21.39 -0.012417
21.4 -0.0142554
21.41 -0.0160831
21.42 -0.0179001
21.43 -0.0197063
21.44 -0.0215014
21.45 -0.0232854
21.46 -0.0250581
21.47 -0.0268195
21.48 -0.0285694
21.49 -0.0303076
21.5 -0.0320342
21.51 -0.0337489
21.52 -0.0354516
21.53 -0.0371423
21.54 -0.0388208
21.55 -0.0404871
21.56 -0.0421409
21.57 -0.0437823
21.58 -0.0454111
21.59 -0.0470272
21.6 -0.0486305
21.61 -0.0502209
21.62 -0.0517984
21.63 -0.0533627
21.64 -0.054914
21.65 -0.0564519
21.66 -0.0579766
21.67 -0.0594878
21.68 -0.0609855
21.69 -0.0624696
21.7 -0.06394
21.71 -0.0653967
21.72 -0.0668395
21.73 -0.0682685
21.74 -0.0696835
21.75 -0.0710844
21.76 -0.0724712
21.77 -0.0738439
21.78 -0.0752022
21.79 -0.0765463
21.8 -0.077876
21.81 -0.0791912
21.82 -0.080492
21.83 -0.0817782
21.84 -0.0830497
21.85 -0.0843067
21.86 -0.0855489
21.87 -0.0867763
21.88 -0.0879889
21.89 -0.0891866
21.9 -0.0903694
21.91 -0.0915373
21.92 -0.0926902
21.93 -0.093828
21.94 -0.0949508
21.95 -0.0960584
21.96 -0.097151
21.97 -0.0982283
21.98 -0.0992904
21.99 -0.100337
22 -0.101369
22.01 -0.102385
22.02 -0.103386
22.03 -0.104372
22.04 -0.105342
22.05 -0.106297
22.06 -0.107236
22.07 -0.10816
22.08 -0.109069
22.09 -0.109962
22.1 -0.11084
22.11 -0.111702
22.12 -0.112549
22.13 -0.11338
22.14 -0.114196
22.15 -0.114996
22.16 -0.115781
22.17 -0.11655
22.18 -0.117303
22.19 -0.118042
22.2 -0.118764
22.21 -0.119472
22.22 -0.120163
22.23 -0.120839
22.24 -0.1215
22.25 -0.122146
22.26 -0.122775
22.27 -0.12339
22.28 -0.123989
22.29 -0.124573
22.3 -0.125141
22.31 -0.125694
22.32 -0.126231
22.33 -0.126753
22.34 -0.12726
22.35 -0.127752
22.36 -0.128229
22.37 -0.12869
22.38 -0.129136
22.39 -0.129567
22.4 -0.129982
22.41 -0.130383
22.42 -0.130769
22.43 -0.13114
22.44 -0.131495
22.45 -0.131836
22.46 -0.132162
22.47 -0.132473
22.48 -0.132769
22.49 -0.13305
22.5 -0.133317
22.51 -0.133569
22.52 -0.133807
22.53 -0.13403
22.54 -0.134238
22.55 -0.134432
22.56 -0.134611
22.57 -0.134776
22.58 -0.134927
22.59 -0.135064
22.6 -0.135186
22.61 -0.135294
22.62 -0.135388
22.63 -0.135469
22.64 -0.135535
22.65 -0.135587
22.66 -0.135625
22.67 -0.13565
22.68 -0.135661
22.69 -0.135659
22.7 -0.135642
22.71 -0.135613
22.72 -0.13557
22.73 -0.135513
22.74 -0.135444
22.75 -0.135361
22.76 -0.135265
22.77 -0.135156
22.78 -0.135034
22.79 -0.134899
22.8 -0.134751
22.81 -0.13459
22.82 -0.134417
22.83 -0.134232
22.84 -0.134033
22.85 -0.133823
22.86 -0.1336
22.87 -0.133365
22.88 -0.133117
22.89 -0.132858
22.9 -0.132586
22.91 -0.132303
22.92 -0.132008
22.93 -0.131701
22.94 -0.131382
22.95 -0.131052
22.96 -0.130711
22.97 -0.130358
22.98 -0.129994
22.99 -0.129618
23 -0.129232
23.01 -0.128834
23.02 -0.128426
23.03 -0.128007
23.04 -0.127577
23.05 -0.127136
23.06 -0.126685
23.07 -0.126224
23.08 -0.125752
23.09 -0.12527
23.1 -0.124778
23.11 -0.124276
23.12 -0.123764
23.13 -0.123242
23.14 -0.122711
23.15 -0.12217
23.16 -0.121619
23.17 -0.121059
23.18 -0.12049
23.19 -0.119911
23.2 -0.119323
23.21 -0.118727
23.22 -0.118121
23.23 -0.117507
23.24 -0.116884
23.25 -0.116252
23.26 -0.115612
23.27 -0.114964
23.28 -0.114307
23.29 -0.113642
23.3 -0.112969
23.31 -0.112288
23.32 -0.1116
23.33 -0.110903
23.34 -0.110199
23.35 -0.109488
23.36 -0.108769
23.37 -0.108043
23.38 -0.107309
23.39 -0.106569
23.4 -0.105822
23.41 -0.105067
23.42 -0.104307
23.43 -0.103539
23.44 -0.102765
23.45 -0.101984
23.46 -0.101198
23.47 -0.100405
23.48 -0.0996055
23.49 -0.0988005
23.5 -0.0979896
23.51 -0.097173
23.52 -0.0963507
23.53 -0.0955229
23.54 -0.0946897
23.55 -0.0938512
23.56 -0.0930075
23.57 -0.0921587
23.58 -0.0913049
23.59 -0.0904463
23.6 -0.0895829
23.61 -0.0887149
23.62 -0.0878424
23.63 -0.0869654
23.64 -0.0860841
23.65 -0.0851986
23.66 -0.084309
23.67 -0.0834155
23.68 -0.082518
23.69 -0.0816168
23.7 -0.080712
23.71 -0.0798036
23.72 -0.0788917
23.73 -0.0779765
23.74 -0.0770581
23.75 -0.0761366
23.76 -0.0752121
23.77 -0.0742847
23.78 -0.0733544
23.79 -0.0724215
23.8 -0.0714861
23.81 -0.0705481
23.82 -0.0696078
23.83 -0.0686652
23.84 -0.0677205
23.85 -0.0667737
23.86 -0.065825
23.87 -0.0648744
23.88 -0.0639221
23.89 -0.0629682
23.9 -0.0620127
23.91 -0.0610559
23.92 -0.0600977
23.93 -0.0591382
23.94 -0.0581777
23.95 -0.0572162
23.96 -0.0562537
23.97 -0.0552904
23.98 -0.0543264
23.99 -0.0533618
24 -0.0523967
24.01 -0.0514312
24.02 -0.0504653
24.03 -0.0494992
24.04 -0.0485331
24.05 -0.0475668
24.06 -0.0466007
24.07 -0.0456347
24.08 -0.0446691
24.09 -0.0437037
24.1 -0.0427388
24.11 -0.0417745
24.12 -0.0408108
24.13 -0.0398479
24.14 -0.0388858
24.15 -0.0379246
24.16 -0.0369644
24.17 -0.0360053
24.18 -0.0350474
24.19 -0.0340908
24.2 -0.0331356
24.21 -0.0321819
24.22 -0.0312297
24.23 -0.0302791
24.24 -0.0293303
24.25 -0.0283832
24.26 -0.0274381
24.27 -0.0264949
24.28 -0.0255539
24.29 -0.0246149
24.3 -0.0236782
24.31 -0.0227438
24.32 -0.0218119
24.33 -0.0208823
24.34 -0.0199554
24.35 -0.0190311
24.36 -0.0181095
24.37 -0.0171907
24.38 -0.0162748
24.39 -0.0153618
24.4 -0.0144519
24.41 -0.0135451
24.42 -0.0126414
24.43 -0.0117411
24.44 -0.010844
24.45 -0.00995033
24.46 -0.00906015
24.47 -0.00817351
24.48 -0.00729048
24.49 -0.00641115
24.5 -0.00553557
24.51 -0.00466381
24.52 -0.00379595
24.53 -0.00293205
24.54 -0.00207218
24.55 -0.0012164
24.56 -0.000364781
24.57 0.000482618
24.58 0.00132573
24.59 0.00216449
24.6 0.00299884
24.61 0.00382872
24.62 0.00465407
24.63 0.00547482
24.64 0.00629092
24.65 0.00710231
24.66 0.00790893
24.67 0.00871072
24.68 0.00950764
24.69 0.0102996
24.7 0.0110866
24.71 0.0118685
24.72 0.0126454
24.73 0.0134171
24.74 0.0141836
24.75 0.0149448
24.76 0.0157007
24.77 0.0164513
24.78 0.0171965
24.79 0.0179363
24.8 0.0186705
24.81 0.0193992
24.82 0.0201223
24.83 0.0208398
24.84 0.0215516
24.85 0.0222577
24.86 0.0229581
24.87 0.0236526
24.88 0.0243413
24.89 0.0250242
24.9 0.0257011
24.91 0.026372
24.92 0.027037
24.93 0.0276959
24.94 0.0283488
24.95 0.0289956
24.96 0.0296362
24.97 0.0302706
24.98 0.0308989
24.99 0.0315209
25 0.0321367
25.01 0.0327462
25.02 0.0333493
25.03 0.0339461
25.04 0.0345365
25.05 0.0351205
25.06 0.0356981
25.07 0.0362692
25.08 0.0368338
25.09 0.037392
25.1 0.0379435
25.11 0.0384886
25.12 0.039027
25.13 0.0395589
25.14 0.0400841
25.15 0.0406028
25.16 0.0411147
25.17 0.04162
25.18 0.0421186
25.19 0.0426105
25.2 0.0430956
25.21 0.0435741
25.22 0.0440457
25.23 0.0445106
25.24 0.0449688
25.25 0.0454201
25.26 0.0458647
25.27 0.0463024
25.28 0.0467333
25.29 0.0471574
25.3 0.0475746
25.31 0.047985
25.32 0.0483886
25.33 0.0487853
25.34 0.0491751
25.35 0.049558
25.36 0.0499341
25.37 0.0503033
25.38 0.0506657
25.39 0.0510211
25.4 0.0513697
25.41 0.0517114
25.42 0.0520462
25.43 0.0523741
25.44 0.0526951
25.45 0.0530093
25.46 0.0533166
25.47 0.053617
25.48 0.0539106
25.49 0.0541973
25.5 0.0544771
25.51 0.0547501
25.52 0.0550163
25.53 0.0552756
25.54 0.0555281
25.55 0.0557738
25.56 0.0560127
25.57 0.0562447
25.58 0.05647
25.59 0.0566885
25.6 0.0569003
25.61 0.0571053
25.62 0.0573035
25.63 0.0574951
25.64 0.0576799
25.65 0.057858
25.66 0.0580295
25.67 0.0581943
25.68 0.0583524
25.69 0.058504
25.7 0.0586489
25.71 0.0587872
25.72 0.0589189
25.73 0.0590441
25.74 0.0591628
25.75 0.059275
25.76 0.0593806
25.77 0.0594798
25.78 0.0595726
25.79 0.0596589
25.8 0.0597388
25.81 0.0598124
25.82 0.0598796
25.83 0.0599405
25.84 0.059995
25.85 0.0600433
25.86 0.0600854
25.87 0.0601212
25.88 0.0601509
25.89 0.0601743
25.9 0.0601917
25.91 0.0602029
25.92 0.0602081
25.93 0.0602072
25.94 0.0602003
25.95 0.0601874
25.96 0.0601685
25.97 0.0601437
25.98 0.0601131
25.99 0.0600765
26 0.0600342
26.01 0.059986
26.02 0.0599321
26.03 0.0598725
26.04 0.0598072
26.05 0.0597362
26.06 0.0596596
26.07 0.0595774
26.08 0.0594897
26.09 0.0593965
26.1 0.0592977
26.11 0.0591936
26.12 0.059084
26.13 0.0589691
26.14 0.0588489
26.15 0.0587233
26.16 0.0585926
26.17 0.0584566
26.18 0.0583154
26.19 0.0581692
26.2 0.0580178
26.21 0.0578614
26.22 0.0577
26.23 0.0575336
26.24 0.0573623
26.25 0.0571861
26.26 0.0570051
26.27 0.0568193
26.28 0.0566287
26.29 0.0564335
26.3 0.0562335
26.31 0.0560289
26.32 0.0558198
26.33 0.0556061
26.34 0.0553879
26.35 0.0551653
26.36 0.0549382
26.37 0.0547069
26.38 0.0544711
26.39 0.0542312
26.4 0.053987
26.41 0.0537386
26.42 0.053486
26.43 0.0532294
26.44 0.0529688
26.45 0.0527042
26.46 0.0524356
26.47 0.0521631
26.48 0.0518867
26.49 0.0516066
26.5 0.0513227
26.51 0.051035
26.52 0.0507437
26.53 0.0504488
26.54 0.0501504
26.55 0.0498483
26.56 0.0495429
26.57 0.049234
26.58 0.0489217
26.59 0.048606
26.6 0.0482871
26.61 0.047965
26.62 0.0476397
26.63 0.0473112
26.64 0.0469797
26.65 0.0466451
26.66 0.0463075
26.67 0.0459669
26.68 0.0456235
26.69 0.0452772
26.7 0.0449282
26.71 0.0445764
26.72 0.0442218
26.73 0.0438647
26.74 0.0435049
26.75 0.0431426
26.76 0.0427778
26.77 0.0424105
26.78 0.0420408
26.79 0.0416688
26.8 0.0412944
26.81 0.0409178
26.82 0.040539
26.83 0.040158
26.84 0.0397749
26.85 0.0393898
26.86 0.0390026
26.87 0.0386135
26.88 0.0382225
26.89 0.0378296
26.9 0.0374348
26.91 0.0370383
26.92 0.0366401
26.93 0.0362402
26.94 0.0358387
26.95 0.0354356
26.96 0.035031
26.97 0.0346249
26.98 0.0342173
26.99 0.0338084
27 0.0333982
27.01 0.0329866
27.02 0.0325738
27.03 0.0321598
27.04 0.0317447
27.05 0.0313285
27.06 0.0309112
27.07 0.0304929
27.08 0.0300737
27.09 0.0296535
27.1 0.0292325
27.11 0.0288107
27.12 0.0283881
27.13 0.0279647
27.14 0.0275407
27.15 0.0271161
27.16 0.0266908
27.17 0.026265
27.18 0.0258388
27.19 0.025412
27.2 0.0249849
27.21 0.0245574
27.22 0.0241296
27.23 0.0237015
27.24 0.0232732
27.25 0.0228447
27.26 0.022416
27.27 0.0219873
27.28 0.0215584
27.29 0.0211296
27.3 0.0207008
27.31 0.0202721
27.32 0.0198435
27.33 0.0194151
27.34 0.0189869
27.35 0.0185589
27.36 0.0181312
27.37 0.0177038
27.38 0.0172768
27.39 0.0168502
27.4 0.016424
27.41 0.0159983
27.42 0.0155732
27.43 0.0151486
27.44 0.0147246
27.45 0.0143013
27.46 0.0138787
27.47 0.0134568
27.48 0.0130356
27.49 0.0126153
27.5 0.0121958
27.51 0.0117772
27.52 0.0113595
27.53 0.0109427
27.54 0.010527
27.55 0.0101122
27.56 0.00969855
27.57 0.00928598
27.58 0.00887453
27.59 0.00846426
27.6 0.0080552
27.61 0.00764737
27.62 0.00724082
27.63 0.00683558
27.64 0.00643168
27.65 0.00602916
27.66 0.00562805
27.67 0.00522838
27.68 0.00483019
27.69 0.0044335
27.7 0.00403836
27.71 0.00364478
27.72 0.00325282
27.73 0.00286248
27.74 0.00247382
27.75 0.00208685
27.76 0.0017016
27.77 0.00131811
27.78 0.000936411
27.79 0.000556525
27.8 0.000178483
27.81 -0.000197686
27.82 -0.000571954
27.83 -0.000944293
27.84 -0.00131468
27.85 -0.00168307
27.86 -0.00204946
27.87 -0.00241381
27.88 -0.0027761
27.89 -0.0031363
27.9 -0.00349438
27.91 -0.00385032
27.92 -0.0042041
27.93 -0.00455568
27.94 -0.00490505
27.95 -0.00525219
27.96 -0.00559706
27.97 -0.00593965
27.98 -0.00627993
27.99 -0.00661788
28 -0.00695348
28.01 -0.0072867
28.02 -0.00761753
28.03 -0.00794595
28.04 -0.00827192
28.05 -0.00859544
28.06 -0.00891648
28.07 -0.00923502
28.08 -0.00955105
28.09 -0.00986454
28.1 -0.0101755
28.11 -0.0104838
28.12 -0.0107896
28.13 -0.0110928
28.14 -0.0113933
28.15 -0.0116912
28.16 -0.0119864
28.17 -0.012279
28.18 -0.0125689
28.19 -0.012856
28.2 -0.0131405
28.21 -0.0134222
28.22 -0.0137011
28.23 -0.0139773
28.24 -0.0142507
28.25 -0.0145213
28.26 -0.0147891
28.27 -0.0150541
28.28 -0.0153163
28.29 -0.0155756
28.3 -0.0158321
28.31 -0.0160856
28.32 -0.0163364
28.33 -0.0165842
28.34 -0.0168291
28.35 -0.0170711
28.36 -0.0173102
28.37 -0.0175464
28.38 -0.0177797
28.39 -0.01801
28.4 -0.0182373
28.41 -0.0184617
28.42 -0.0186831
28.43 -0.0189015
28.44 -0.019117
28.45 -0.0193294
28.46 -0.0195389
28.47 -0.0197454
28.48 -0.0199488
28.49 -0.0201493
28.5 -0.0203467
28.51 -0.0205411
28.52 -0.0207325
28.53 -0.0209208
28.54 -0.0211061
28.55 -0.0212884
28.56 -0.0214676
28.57 -0.0216438
28.58 -0.021817
28.59 -0.0219871
28.6 -0.0221541
28.61 -0.0223181
28.62 -0.022479
28.63 -0.0226369
28.64 -0.0227918
28.65 -0.0229435
28.66 -0.0230923
28.67 -0.0232379
28.68 -0.0233806
28.69 -0.0235201
28.7 -0.0236566
28.71 -0.0237901
28.72 -0.0239205
28.73 -0.0240479
28.74 -0.0241722
28.75 -0.0242935
28.76 -0.0244118
28.77 -0.024527
28.78 -0.0246392
28.79 -0.0247484
28.8 -0.0248545
28.81 -0.0249577
28.82 -0.0250578
28.83 -0.0251549
28.84 -0.025249
28.85 -0.0253401
28.86 -0.0254282
28.87 -0.0255134
28.88 -0.0255955
28.89 -0.0256747
28.9 -0.0257509
28.91 -0.0258242
28.92 -0.0258945
28.93 -0.0259619
28.94 -0.0260263
28.95 -0.0260879
28.96 -0.0261465
28.97 -0.0262022
28.98 -0.0262549
28.99 -0.0263048
29 -0.0263519
29.01 -0.026396
29.02 -0.0264373
29.03 -0.0264757
29.04 -0.0265113
29.05 -0.0265441
29.06 -0.0265741
29.07 -0.0266012
29.08 -0.0266255
29.09 -0.0266471
29.1 -0.0266659
29.11 -0.0266819
29.12 -0.0266952
29.13 -0.0267057
29.14 -0.0267135
29.15 -0.0267187
29.16 -0.0267211
29.17 -0.0267208
29.18 -0.0267178
29.19 -0.0267122
29.2 -0.026704
29.21 -0.0266931
29.22 -0.0266796
29.23 -0.0266635
29.24 -0.0266448
29.25 -0.0266236
29.26 -0.0265997
29.27 -0.0265734
29.28 -0.0265445
29.29 -0.0265131
29.3 -0.0264792
29.31 -0.0264429
29.32 -0.026404
29.33 -0.0263628
29.34 -0.0263191
29.35 -0.0262729
29.36 -0.0262244
29.37 -0.0261735
29.38 -0.0261203
29.39 -0.0260647
29.4 -0.0260067
29.41 -0.0259465
29.42 -0.0258839
29.43 -0.0258191
29.44 -0.025752
29.45 -0.0256827
29.46 -0.0256112
29.47 -0.0255374
29.48 -0.0254615
29.49 -0.0253834
29.5 -0.0253032
29.51 -0.0252208
29.52 -0.0251363
29.53 -0.0250497
29.54 -0.0249611
29.55 -0.0248704
29.56 -0.0247777
29.57 -0.0246829
29.58 -0.0245862
29.59 -0.0244874
29.6 -0.0243868
29.61 -0.0242842
29.62 -0.0241796
29.63 -0.0240732
29.64 -0.0239649
29.65 -0.0238547
29.66 -0.0237428
29.67 -0.0236289
29.68 -0.0235133
29.69 -0.023396
29.7 -0.0232769
29.71 -0.023156
29.72 -0.0230334
29.73 -0.0229092
29.74 -0.0227832
29.75 -0.0226556
29.76 -0.0225264
29.77 -0.0223956
29.78 -0.0222632
29.79 -0.0221293
29.8 -0.0219937
29.81 -0.0218567
29.82 -0.0217182
29.83 -0.0215782
29.84 -0.0214367
29.85 -0.0212938
29.86 -0.0211495
29.87 -0.0210038
29.88 -0.0208567
29.89 -0.0207082
29.9 -0.0205585
29.91 -0.0204074
29.92 -0.020255
29.93 -0.0201014
29.94 -0.0199465
29.95 -0.0197904
29.96 -0.0196332
29.97 -0.0194747
29.98 -0.0193151
29.99 -0.0191543
30 -0.0189925
30.01 -0.0188295
30.02 -0.0186655
30.03 -0.0185004
30.04 -0.0183343
30.05 -0.0181672
30.06 -0.0179991
30.07 -0.0178301
30.08 -0.0176601
30.09 -0.0174892
30.1 -0.0173174
30.11 -0.0171448
30.12 -0.0169713
30.13 -0.0167969
30.14 -0.0166218
30.15 -0.0164458
30.16 -0.0162691
30.17 -0.0160917
30.18 -0.0159135
30.19 -0.0157347
30.2 -0.0155551
30.21 -0.0153749
30.22 -0.0151941
30.23 -0.0150126
30.24 -0.0148305
30.25 -0.0146479
30.26 -0.0144647
30.27 -0.014281
30.28 -0.0140968
30.29 -0.0139121
30.3 -0.0137269
30.31 -0.0135413
30.32 -0.0133553
30.33 -0.0131688
30.34 -0.012982
30.35 -0.0127948
30.36 -0.0126072
30.37 -0.0124194
30.38 -0.0122312
30.39 -0.0120427
30.4 -0.011854
30.41 -0.0116651
30.42 -0.0114759
30.43 -0.0112865
30.44 -0.011097
30.45 -0.0109072
30.46 -0.0107174
30.47 -0.0105274
30.48 -0.0103373
30.49 -0.0101471
30.5 -0.00995688
30.51 -0.00976659
30.52 -0.00957628
30.53 -0.00938597
30.54 -0.00919567
30.55 -0.0090054
30.56 -0.00881518
30.57 -0.00862503
30.58 -0.00843497
30.59 -0.00824502
30.6 -0.00805519
30.61 -0.00786551
30.62 -0.00767598
30.63 -0.00748664
30.64 -0.0072975
30.65 -0.00710857
30.66 -0.00691987
30.67 -0.00673143
30.68 -0.00654326
30.69 -0.00635537
30.7 -0.00616779
30.71 -0.00598052
30.72 -0.0057936
30.73 -0.00560703
30.74 -0.00542084
30.75 -0.00523503
30.76 -0.00504963
30.77 -0.00486465
30.78 -0.00468011
30.79 -0.00449602
30.8 -0.00431241
30.81 -0.00412928
30.82 -0.00394665
30.83 -0.00376455
30.84 -0.00358297
30.85 -0.00340195
30.86 -0.00322149
30.87 -0.00304162
30.88 -0.00286233
30.89 -0.00268366
30.9 -0.00250562
30.91 -0.00232821
30.92 -0.00215146
30.93 -0.00197537
30.94 -0.00179997
30.95 -0.00162527
30.96 -0.00145128
30.97 -0.00127801
30.98 -0.00110548
30.99 -0.000933708
31 -0.000762698
31.01 -0.000592466
31.02 -0.000423027
31.03 -0.000254393
31.04 -8.65769e-05
31.05 8.04085e-05
31.06 0.000246551
31.07 0.000411838
31.08 0.000576256
31.09 0.000739795
31.1 0.000902442
31.11 0.00106419
31.12 0.00122501
31.13 0.00138491
31.14 0.00154388
31.15 0.00170189
31.16 0.00185894
31.17 0.00201503
31.18 0.00217012
31.19 0.00232423
31.2 0.00247733
31.21 0.00262942
31.22 0.00278049
31.23 0.00293052
31.24 0.00307951
31.25 0.00322745
31.26 0.00337432
31.27 0.00352012
31.28 0.00366484
31.29 0.00380847
31.3 0.003951
31.31 0.00409242
31.32 0.00423273
31.33 0.00437191
31.34 0.00450996
31.35 0.00464686
31.36 0.00478262
31.37 0.00491722
31.38 0.00505065
31.39 0.00518291
31.4 0.00531399
31.41 0.00544389
